0.28883
0.42103
0.27047
0.15456
0.8891
0.50237
0.3716
0.67282
0.69079
0.18944
0.88827
0.56103
0.75803
0.60493
0.94272
0.72854
0.77053
0.71802
0.55416
0.31644
0.13111
0.18957
0.93641
0.85432
0.8695
0.57122
0.29343
0.10116
0.23415
0.8281
0.74133
0.56869
0.40377
0.77797
0.23888
0.60425
0.1241
0.40205
0.64501
0.57808
0.1788
0.96872
0.42619
0.63621
0.76444
0.3624
0.33231
0.42994
0.84496
0.96416
0.60643
0.76098
0.35117
0.31686
0.39836
0.6891
0.8533
0.11577
0.40269
0.16085
0.87143
0.39896
0.16828
0.31917
0.86821
0.79208
0.38439
0.7549
0.87854
0.83077
0.18544
0.38762
0.25081
0.90766
0.85031
0.75835
0.72522
0.9397
0.74278
0.71916
0.18679
0.8905
0.99737
0.75489
0.86646
0.75466
0.51775
0.59988
0.85601
0.75997
0.55136
0.99895
0.9051
0.20239
0.96131
0.11115
0.35388
0.22893
0.4094
0.61
0.45569
0.64973
0.14907
0.22246
0.4889
0.30225
0.35627
0.92902
0.91995
0.30248
0.49536
0.38153
0.56438
0.5214
0.85587
0.5203
0.71521
0.52677
0.49085
0.93078
0.34582
0.59355
0.29804
0.82844
0.30786
0.77901
0.85814
0.40083
0.66228
0.61877
0.87879
0.26659
0.10531
0.99245
0.95502
0.84883
0.51067
0.78487
0.48177
0.10233
0.47184
0.6311
0.28469
0.8381
0.41831
0.9866
0.38351
0.316
0.85853
0.27267
0.34675
0.23348
0.51384
0.14828
0.98637
0.91591
0.89662
0.9328
0.1233
0.20338
0.36464
0.96525
0.69984
0.77602
0.2148
0.13904
0.33212
0.30436
0.63379
0.6923
0.27791
0.23119
0.44835
0.2904
0.32926
0.40951
0.7009
0.2566
0.84561
0.31031
0.29168
0.76375
0.30948
0.77787
0.12391
0.35319
0.74459
0.41129
0.15864
0.16697
0.87765
0.26075
0.98848
0.69471
0.62337
0.5939
0.71365
0.29061
0.45592
0.85849
0.99993
0.85801
0.17258
0.78386
0.43023
0.60578
0.96941
0.75187
0.3085
0.16978
0.82593
0.15541
0.15196
0.19104
0.49666
0.67414
0.458
0.76217
0.90006
0.108
0.66465
0.75696
0.99298
0.22605
0.10672
0.38852
0.94624
0.36257
0.45483
0.86942
0.8894
0.72375
0.81696
0.41874
0.34235
0.20352
0.4212
0.41281
0.41127
0.14301
0.45243
0.69471
0.62754
0.80771
0.38898
0.307
0.24654
0.78394
0.56663
0.26203
0.66077
0.61567
0.67949
0.7121
0.13085
0.12146
0.75253
0.3029
0.75144
0.66057
0.35272
0.41422
0.57821
0.32449
0.29441
0.67666
0.8674
0.38623
0.17284
0.87367
0.29053
0.40884
0.1526
0.28615
0.88125
0.60156
0.87684
0.84663
0.78405
0.7344
0.3463
0.92161
0.36868
0.92347
0.7913
0.15569
0.23938
0.30087
0.52216
0.64584
0.11447
0.10384
0.78233
0.59324
0.93488
0.89015
0.36168
0.81315
0.20479
0.93935
0.38406
0.50055
0.5473
0.53619
0.50508
0.10379
0.77153
0.26317
0.25845
0.79537
0.61025
0.41117
0.80153
0.45515
0.16152
0.65452
0.39774
0.19631
0.5384
0.87564
0.7384
0.24047
0.82438
0.59909
0.90404
0.27928
0.99788
0.75651
0.30889
0.41489
0.12956
0.78657
0.69236
0.36791
0.3563
0.94684
0.50409
0.10774
0.60704
0.50363
0.64519
0.27143
0.67207
0.68212
0.2836
0.42953
0.49344
0.48599
0.19017
0.16387
0.85272
0.1331
0.71641
0.24042
0.80274
0.3883
0.77378
0.74013
0.7939
0.27245
0.22682
0.44822
0.90027
0.48787
0.53551
0.76989
0.72907
0.54598
0.60779
0.41355
0.47941
0.83299
0.87067
0.675
0.6223
0.25729
0.19814
0.26104
0.14397
0.72707
0.63369
0.56682
0.28264
0.8882
0.89213
0.90307
0.54084
0.51115
0.27432
0.25256
0.78605
0.87146
0.43905
0.76051
0.3785
0.26376
0.57145
0.55167
0.3431
0.71624
0.99544
0.90079
0.42803
0.20797
0.25069
0.84497
0.98106
0.47872
0.17571
0.874
0.88299
0.67487
0.45222
0.49931
0.31048
0.39535
0.29846
0.48499
0.21918
0.78293
0.98565
0.50198
0.98292
0.12386
0.34204
0.99273
0.51087
0.98509
0.40428
0.4407
0.21737
0.25015
0.57552
0.22557
0.88273
0.20696
0.83078
0.20372
0.50021
0.20804
0.28189
0.46141
0.89734
0.22266
0.57926
0.53751
0.92022
0.81405
0.6774
0.87347
0.94809
0.88034
0.99147
0.32188
0.60995
0.41574
0.84141
0.97079
0.42934
0.33283
0.77914
0.51512
0.3517
0.69641
0.98271
0.71698
0.25506
0.24971
0.35259
0.31759
0.86468
0.66804
0.28145
0.21354
0.5989
0.686
0.59737
0.85331
0.13113
0.19481
0.95249
0.24482
0.93683
0.6542
0.97241
0.57343
0.81967
0.86055
0.54286
0.69698
0.77973
0.97264
0.95165
0.63962
0.12014
0.43362
0.53565
0.92092
0.26908
0.40458
0.68821
0.63713
0.93846
0.70529
0.43963
0.27102
0.4513
0.66988
0.74457
0.38895
0.28366
0.46186
0.31466
0.30368
0.22033
0.54399
0.92077
0.81371
0.12234
0.9661
0.34148
0.60927
0.21359
0.61983
0.19295
0.22854
0.23236
0.9907
0.49441
0.44619
0.35753
0.82985
0.64438
0.22945
0.6473
0.99988
0.75801
0.58522
0.48713
0.29564
0.40064
0.51561
0.8578
0.81398
0.55856
0.98481
0.84089
0.97998
0.3706
0.34436
0.58381
0.83295
0.80237
0.79762
0.19128
0.58919
0.14014
0.63978
0.31845
0.40913
0.38572
0.77992
0.27209
0.36517
0.34767
0.87304
0.19535
0.16123
0.99543
0.89084
0.59412
0.98214
0.59701
0.42691
0.25215
0.57861
0.793
0.85376
0.90272
0.90701
0.66533
0.65869
0.86725
0.11562
0.36891
0.21536
0.37993
0.34604
0.74714
0.22117
0.91528
0.7448
0.72704
0.58716
0.75804
0.62313
0.28476
0.57673
0.62211
0.78129
0.40938
0.58871
0.57829
0.4147
0.9736
0.89891
0.91861
0.84984
0.23312
0.3468
0.26955
0.65505
0.11416
0.8581
0.34247
0.28844
0.19763
0.55901
0.48771
0.85909
0.7042
0.89201
0.6747
0.22549
0.84439
0.9894
0.92225
0.55244
0.18995
0.1921
0.90164
0.95649
0.87695
0.41373
0.17582
0.91338
0.25389
0.46013
0.72146
0.5002
0.20204
0.82016
0.66407
0.98232
0.96044
0.44499
0.11433
0.87212
0.58806
0.81574
0.43012
0.99977
0.54605
0.17169
0.47883
0.27721
0.84594
0.6111
0.44199
0.35251
0.26189
0.58637
0.83212
0.42702
0.34779
0.95649
0.87695
0.41373
0.17582
0.91338
0.25389
0.46013
0.72146
0.5002
0.20204
0.82016
0.66407
0.98232
0.96044
0.44499
0.11433
0.87212
0.58806
0.81574
0.43012
0.99977
0.54605
0.17169
0.47883
0.27721
0.84594
0.6111
0.44199
0.35251
0.26189
0.58637
0.83212
0.42702
0.34779
0.95649
0.87695
0.41373
0.17582
0.91338
0.25389
0.46013
0.72146
0.5002
0.20204
0.82016
0.66407
0.98232
0.96044
0.44499
0.11433
0.87212
0.58806
0.81574
0.43012
0.99977
0.54605
0.17169
0.47883
0.27721
0.84594
0.6111
0.44199
0.35251
0.26189
0.58637
0.83212
0.42702
0.34779
0.95649
0.87695
0.41373
0.17582
0.91338
0.25389
0.46013
0.72146
0.5002
0.20204
0.82016
0.66407
0.98232
0.96044
0.44499
0.11433
0.87212
0.58806
0.81574
0.43012
0.99977
0.54605
0.17169
0.47883
0.27721
0.84594
0.6111
0.44199
0.35251
0.26189
0.58637
0.83212
0.42702
0.34779
0.95649
0.87695
0.41373
0.17582
0.91338
0.25389
0.46013
0.72146
0.5002
0.20204
0.82016
0.66407
0.98232
0.96044
0.44499
0.11433
0.87212
0.58806
0.81574
0.43012
0.99977
0.54605
0.17169
0.47883
0.27721
0.84594
0.6111
0.44199
0.35251
0.26189
0.58637
0.83212
0.42702
0.34779
0.95649
0.87695
0.41373
0.17582
0.91338
0.25389
0.46013
0.72146
0.5002
0.20204
0.82016
0.66407
0.98232
0.96044
0.44499
0.11433
0.87212
0.58806
0.81574
0.43012
0.99977
0.54605
0.17169
0.47883
0.27721
0.84594
0.6111
0.44199
0.35251
0.26189
0.58637
0.83212
0.42702
0.34779
0.95649
0.87695
0.41373
0.17582
0.91338
0.25389
0.46013
0.72146
0.5002
0.20204
0.82016
0.66407
0.98232
0.96044
0.44499
0.11433
0.87212
0.58806
0.81574
0.43012
0.99977
0.54605
0.17169
0.47883
0.27721
0.84594
0.6111
0.44199
0.35251
0.26189
0.58637
0.83212
0.42702
0.34779
0.95649
0.87695
0.41373
0.17582
0.91338
0.25389
0.46013
0.72146
0.5002
0.20204
0.82016
0.66407
0.98232
0.96044
0.44499
0.11433
0.87212
0.58806
0.81574
0.43012
0.99977
0.54605
0.17169
0.47883
0.27721
0.84594
0.6111
0.44199
0.35251
0.26189
0.58637
0.83212
0.42702
0.34779
0.95649
0.87695
0.41373
0.17582
0.91338
0.25389
0.46013
0.72146
0.5002
0.20204
0.82016
0.66407
0.98232
0.96044
0.44499
0.11433
0.87212
0.58806
0.81574
0.43012
0.99977
0.54605
0.17169
0.47883
0.27721
0.84594
0.6111
0.44199
0.35251
0.26189
0.58637
0.83212
0.42702
0.34779
0.95649
0.87695
0.41373
0.17582
0.91338
0.25389
0.46013
0.72146
0.5002
0.20204
0.82016
0.66407
0.98232
0.96044
0.44499
0.11433
0.87212
0.58806
0.81574
0.43012
0.99977
0.54605
0.17169
0.47883
0.27721
0.84594
0.6111
0.44199
0.35251
0.26189
0.58637
0.83212
0.42702
0.34779
0.95649
0.87695
0.41373
0.17582
0.91338
0.25389
0.46013
0.72146
0.5002
0.20204
0.82016
0.66407
0.98232
0.96044
0.44499
0.11433
0.87212
0.58806
0.81574
0.43012
0.99977
0.54605
0.17169
0.47883
0.27721
0.84594
0.6111
0.44199
0.35251
0.26189
0.58637
0.83212
0.42702
0.34779
0.95649
0.87695
0.41373
0.17582
0.91338
0.25389
0.46013
0.72146
0.5002
0.20204
0.82016
0.66407
0.98232
0.96044
0.44499
0.11433
0.87212
0.58806
0.81574
0.43012
0.99977
0.54605
0.17169
0.47883
0.27721
0.84594
0.6111
0.44199
0.35251
0.26189
0.58637
0.83212
0.42702
0.34779
0.95649
0.87695
0.41373
0.17582
0.91338
0.25389
0.46013
0.72146
0.5002
0.20204
0.82016
0.66407
0.98232
0.96044
0.44499
0.11433
0.87212
0.58806
0.81574
0.43012
0.99977
0.54605
0.17169
0.47883
0.27721
0.84594
0.6111
0.44199
0.35251
0.26189
0.58637
0.83212
0.42702
0.34779
0.95649
0.87695
0.41373
0.17582
0.91338
0.25389
0.46013
0.72146
0.5002
0.20204
0.82016
0.66407
0.98232
0.96044
0.44499
0.11433
0.87212
0.58806
0.81574
0.43012
0.99977
0.54605
0.17169
0.47883
0.27721
0.84594
0.6111
0.44199
0.35251
0.26189
0.58637
0.83212
0.42702
0.34779
0.95649
0.87695
0.41373
0.17582
0.91338
0.25389
0.46013
0.72146
0.5002
0.20204
0.82016
0.66407
0.98232
0.96044
0.44499
0.11433
0.87212
0.58806
0.81574
0.43012
0.99977
0.54605
0.17169
0.47883
0.27721
0.84594
0.6111
0.44199
0.35251
0.26189
0.58637
0.83212
0.42702
0.34779
0.95649
0.87695
0.41373
0.17582
0.91338
0.25389
0.46013
0.72146
0.5002
0.20204
0.82016
0.66407
0.98232
0.96044
0.44499
0.11433
0.87212
0.58806
0.81574
0.43012
0.99977
0.54605
0.17169
0.47883
0.27721
0.84594
0.6111
0.44199
0.35251
0.26189
0.58637
0.83212
0.42702
0.34779
0.95649
0.87695
0.41373
0.17582
0.91338
0.25389
0.46013
0.72146
0.5002
0.20204
0.82016
0.66407
0.98232
0.96044
0.44499
0.11433
0.87212
0.58806
0.81574
0.43012
0.99977
0.54605
0.17169
0.47883
0.27721
0.84594
0.6111
0.44199
0.35251
0.26189
0.58637
0.83212
0.42702
0.34779
0.95649
0.87695
0.41373
0.17582
0.91338
0.25389
0.46013
0.72146
0.5002
0.20204
0.82016
0.66407
0.98232
0.96044
0.44499
0.11433
0.87212
0.58806
0.81574
0.43012
0.99977
0.54605
0.17169
0.47883
0.27721
0.84594
0.6111
0.44199
0.35251
0.26189
0.58637
0.83212
0.42702
0.34779
0.95649
0.87695
0.41373
0.17582
0.91338
0.25389
0.46013
0.72146
0.5002
0.20204
0.82016
0.66407
0.98232
0.96044
0.44499
0.11433
0.87212
0.58806
0.81574
0.43012
0.99977
0.54605
0.17169
0.47883
0.27721
0.84594
0.6111
0.44199
0.35251
0.26189
0.58637
0.83212
0.42702
0.34779
0.95649
0.87695
0.41373
0.17582
0.91338
0.25389
0.46013
0.72146
0.5002
0.20204
0.82016
0.66407
0.98232
0.96044
0.44499
0.11433
0.87212
0.58806
0.81574
0.43012
0.99977
0.54605
0.17169
0.47883
0.27721
0.84594
0.6111
0.44199
0.35251
0.26189
0.58637
0.83212
0.42702
0.34779
0.95649
0.87695
0.41373
0.17582
0.91338
0.25389
0.46013
0.72146
0.5002
0.20204
0.82016
0.66407
0.98232
0.96044
0.44499
0.11433
0.87212
0.58806
0.81574
0.43012
0.99977
0.54605
0.17169
0.47883
0.27721
0.84594
0.6111
0.44199
0.35251
0.26189
0.58637
0.83212
0.42702
0.34779
0.95649
0.87695
0.41373
0.17582
0.91338
0.25389
0.46013
0.72146
0.5002
0.20204
0.82016
0.66407
0.98232
0.96044
0.44499
0.11433
0.87212
0.58806
0.81574
0.43012
0.99977
0.54605
0.17169
0.47883
0.27721
0.84594
0.6111
0.44199
0.35251
0.26189
0.58637
0.83212
0.42702
0.34779
0.95649
0.87695
0.41373
0.17582
0.91338
0.25389
0.46013
0.72146
0.5002
0.20204
0.82016
0.66407
0.98232
0.96044
0.44499
0.11433
0.87212
0.58806
0.81574
0.43012
0.99977
0.54605
0.17169
0.47883
0.27721
0.84594
0.6111
0.44199
0.35251
0.26189
0.58637
0.83212
0.42702
0.34779
0.95649
0.87695
0.41373
0.17582
0.91338
0.25389
0.46013
0.72146
0.5002
0.20204
0.82016
0.66407
0.98232
0.96044
0.44499
0.11433
0.87212
0.58806
0.81574
0.43012
0.99977
0.54605
0.17169
0.47883
0.27721
0.84594
0.6111
0.44199
0.35251
0.26189
0.58637
0.83212
0.42702
0.34779
0.95649
0.87695
0.41373
0.17582
0.91338
0.25389
0.46013
0.72146
0.5002
0.20204
0.82016
0.66407
0.98232
0.96044
0.44499
0.11433
0.87212
0.58806
0.81574
0.43012
0.99977
0.54605
0.17169
0.47883
0.27721
0.84594
0.6111
0.44199
0.35251
0.26189
0.58637
0.83212
0.42702
0.34779
0.95649
0.87695
0.41373
0.17582
0.91338
0.25389
0.46013
0.72146
0.5002
0.20204
0.82016
0.66407
0.98232
0.96044
0.44499
0.11433
0.87212
0.58806
0.81574
0.43012
0.99977
0.54605
0.17169
0.47883
0.27721
0.84594
0.6111
0.44199
0.35251
0.26189
0.58637
0.83212
0.42702
0.34779
0.95649
0.87695
0.41373
0.17582
0.91338
0.25389
0.46013
0.72146
0.5002
0.20204
0.82016
0.66407
0.98232
0.96044
0.44499
0.11433
0.87212
0.58806
0.81574
0.43012
0.99977
0.54605
0.17169
0.47883
0.27721
0.84594
0.6111
0.44199
0.35251
0.26189
0.58637
0.83212
0.42702
0.34779
0.95649
0.87695
0.41373
0.17582
0.91338
0.25389
0.46013
0.72146
0.5002
0.20204
0.82016
0.66407
0.98232
0.96044
0.44499
0.11433
0.87212
0.58806
0.81574
0.43012
0.99977
0.54605
0.17169
0.47883
0.27721
0.84594
0.6111
0.44199
0.35251
0.26189
0.58637
0.83212
0.42702
0.34779
0.95649
0.87695
0.41373
0.17582
0.91338
0.25389
0.46013
0.72146
0.5002
0.20204
0.82016
0.66407
0.98232
0.96044
0.44499
0.11433
0.87212
0.58806
0.81574
0.43012
0.99977
0.54605
0.17169
0.47883
0.27721
0.84594
0.6111
0.44199
0.35251
0.26189
0.58637
0.83212
0.42702
0.34779
0.95649
0.87695
0.41373
0.17582
0.91338
0.25389
0.46013
0.72146
0.5002
0.20204
0.82016
0.66407
0.98232
0.96044
0.44499
0.11433
0.87212
0.58806
0.81574
0.43012
0.99977
0.54605
0.17169
0.47883
0.27721
0.84594
0.6111
0.44199
0.35251
0.26189
0.58637
0.83212
0.42702
0.34779
0.95649
0.87695
0.41373
0.17582
0.91338
0.25389
0.46013
0.72146
0.5002
0.20204
0.82016
0.66407
0.98232
0.96044
0.44499
0.11433
0.87212
0.58806
0.81574
0.43012
0.99977
0.54605
0.17169
0.47883
0.27721
0.84594
0.6111
0.44199
0.35251
0.26189
0.58637
0.83212
0.42702
0.34779
0.95649
0.87695
0.41373
0.17582
0.91338
0.25389
0.46013
0.72146
0.5002
0.20204
0.82016
0.66407
0.98232
0.96044
0.44499
0.11433
0.87212
0.58806
0.81574
0.43012
0.99977
0.54605
0.17169
0.47883
0.27721
0.84594
0.6111
0.44199
0.35251
0.26189
0.58637
0.83212
0.42702
0.34779
0.95649
0.87695
0.41373
0.17582
0.91338
0.25389
0.46013
0.72146
0.5002
0.20204
0.82016
0.66407
0.98232
0.96044
0.44499
0.11433
0.87212
0.58806
0.81574
0.43012
0.99977
0.54605
0.17169
0.47883
0.27721
0.84594
0.6111
0.44199
0.35251
0.26189
0.58637
0.83212
0.42702
0.34779
0.95649
0.87695
0.41373
0.17582
0.91338
0.25389
0.46013
0.72146
0.5002
0.20204
0.82016
0.66407
0.98232
0.96044
0.44499
0.11433
0.87212
0.58806
0.81574
0.43012
0.99977
0.54605
0.17169
0.47883
0.27721
0.84594
0.6111
0.44199
0.35251
0.26189
0.58637
0.83212
0.42702
0.34779
0.95649
0.87695
0.41373
0.17582
0.91338
0.25389
0.46013
0.72146
0.5002
0.20204
0.82016
0.66407
0.98232
0.96044
0.44499
0.11433
0.87212
0.58806
0.81574
0.43012
0.99977
0.54605
0.17169
0.47883
0.27721
0.84594
0.6111
0.44199
0.35251
0.26189
0.58637
0.83212
0.42702
0.34779
0.95649
0.87695
0.41373
0.17582
0.91338
0.25389
0.46013
0.72146
0.5002
0.20204
0.82016
0.66407
0.98232
0.96044
0.44499
0.11433
0.87212
0.58806
0.81574
0.43012
0.99977
0.54605
0.17169
0.47883
0.27721
0.84594
0.6111
0.44199
0.35251
0.26189
0.58637
0.83212
0.42702
0.34779
0.95649
0.87695
0.41373
0.17582
0.91338
0.25389
0.46013
0.72146
0.5002
0.20204
0.82016
0.66407
0.98232
0.96044
0.44499
0.11433
0.87212
0.58806
0.81574
0.43012
0.99977
0.54605
0.17169
0.47883
0.27721
0.84594
0.6111
0.44199
0.35251
0.26189
0.58637
0.83212
0.42702
0.34779
0.95649
0.87695
0.41373
0.17582
0.91338
0.25389
0.46013
0.72146
0.5002
0.20204
0.82016
0.66407
0.98232
0.96044
0.44499
0.11433
0.87212
0.58806
0.81574
0.43012
0.99977
0.54605
0.17169
0.47883
0.27721
0.84594
0.6111
0.44199
0.35251
0.26189
0.58637
0.83212
0.42702
0.34779
0.95649
0.87695
0.41373
0.17582
0.91338
0.25389
0.46013
0.72146
0.5002
0.20204
0.82016
0.66407
0.98232
0.96044
0.44499
0.11433
0.87212
0.58806
0.81574
0.43012
0.99977
0.54605
0.17169
0.47883
0.27721
0.84594
0.6111
0.44199
0.35251
0.26189
0.58637
0.83212
0.42702
0.34779
0.95649
0.87695
0.41373
0.17582
0.91338
0.25389
0.46013
0.72146
0.5002
0.20204
0.82016
0.66407
0.98232
0.96044
0.44499
0.11433
0.87212
0.58806
0.81574
0.43012
0.99977
0.54605
0.17169
0.47883
0.27721
0.84594
0.6111
0.44199
0.35251
0.26189
0.58637
0.83212
0.42702
0.34779
0.95649
0.87695
0.41373
0.17582
0.91338
0.25389
0.46013
0.72146
0.5002
0.20204
0.82016
0.66407
0.98232
0.96044
0.44499
0.11433
0.87212
0.58806
0.81574
0.43012
0.99977
0.54605
0.17169
0.47883
0.27721
0.84594
0.6111
0.44199
0.35251
0.26189
0.58637
0.83212
0.42702
0.34779
0.95649
0.87695
0.41373
0.17582
0.91338
0.25389
0.46013
0.72146
0.5002
0.20204
0.82016
0.66407
0.98232
0.96044
0.44499
0.11433
0.87212
0.58806
0.81574
0.43012
0.99977
0.54605
0.17169
0.47883
0.27721
0.84594
0.6111
0.44199
0.35251
0.26189
0.58637
0.83212
0.42702
0.34779
0.95649
0.87695
0.41373
0.17582
0.91338
0.25389
0.46013
0.72146
0.5002
0.20204
0.82016
0.66407
0.98232
0.96044
0.44499
0.11433
0.87212
0.58806
0.81574
0.43012
0.99977
0.54605
0.17169
0.47883
0.27721
0.84594
0.6111
0.44199
0.35251
0.26189
0.58637
0.83212
0.42702
0.34779
0.95649
0.87695
0.41373
0.17582
0.91338
0.25389
0.46013
0.72146
0.5002
0.20204
0.82016
0.66407
0.98232
0.96044
0.44499
0.11433
0.87212
0.58806
0.81574
0.43012
0.99977
0.54605
0.17169
0.47883
0.27721
0.84594
0.6111
0.44199
0.35251
0.26189
0.58637
0.83212
0.42702
0.34779
0.95649
0.87695
0.41373
0.17582
0.91338
0.25389
0.46013
0.72146
0.5002
0.20204
0.82016
0.66407
0.98232
0.96044
0.44499
0.11433
0.87212
0.58806
0.81574
0.43012
0.99977
0.54605
0.17169
0.47883
0.27721
0.84594
0.6111
0.44199
0.35251
0.26189
0.58637
0.83212
0.42702
0.34779
0.95649
0.87695
0.41373
0.17582
0.91338
0.25389
0.46013
0.72146
0.5002
0.20204
0.82016
0.66407
0.98232
0.96044
0.44499
0.11433
0.87212
0.58806
0.81574
0.43012
0.99977
0.54605
0.17169
0.47883
0.27721
0.84594
0.6111
0.44199
0.35251
0.26189
0.58637
0.83212
0.42702
0.34779
0.95649
0.87695
0.41373
0.17582
0.91338
0.25389
0.46013
0.72146
0.5002
0.20204
0.82016
0.66407
0.98232
0.96044
0.44499
0.11433
0.87212
0.58806
0.81574
0.43012
0.99977
0.54605
0.17169
0.47883
0.27721
0.84594
0.6111
0.44199
0.35251
0.26189
0.58637
0.83212
0.42702
0.34779
0.95649
0.87695
0.41373
0.17582
0.91338
0.25389
0.46013
0.72146
0.5002
0.20204
0.82016
0.66407
0.98232
0.96044
0.44499
0.11433
0.87212
0.58806
0.81574
0.43012
0.99977
0.54605
0.17169
0.47883
0.27721
0.84594
0.6111
0.44199
0.35251
0.26189
0.58637
0.83212
0.42702
0.34779
0.95649
0.87695
0.41373
0.17582
0.91338
0.25389
0.46013
0.72146
0.5002
0.20204
0.82016
0.66407
0.98232
0.96044
0.44499
0.11433
0.87212
0.58806
0.81574
0.43012
0.99977
0.54605
0.17169
0.47883
0.27721
0.84594
0.6111
0.44199
0.35251
0.26189
0.58637
0.83212
0.42702
0.34779
0.95649
0.87695
0.41373
0.17582
0.91338
0.25389
0.46013
0.72146
0.5002
0.20204
0.82016
0.66407
0.98232
0.96044
0.44499
0.11433
0.87212
0.58806
0.81574
0.43012
0.99977
0.54605
0.17169
0.47883
0.27721
0.84594
0.6111
0.44199
0.35251
0.26189
0.58637
0.83212
0.42702
0.34779
0.95649
0.87695
0.41373
0.17582
0.91338
0.25389
0.46013
0.72146
0.5002
0.20204
0.82016
0.66407
0.98232
0.96044
0.44499
0.11433
0.87212
0.58806
0.81574
0.43012
0.99977
0.54605
0.17169
0.47883
0.27721
0.84594
0.6111
0.44199
0.35251
0.26189
0.58637
0.83212
0.42702
0.34779
0.95649
0.87695
0.41373
0.17582
0.91338
0.25389
0.46013
0.72146
0.5002
0.20204
0.82016
0.66407
0.98232
0.96044
0.44499
0.11433
0.87212
0.58806
0.81574
0.43012
0.99977
0.54605
0.17169
0.47883
0.27721
0.84594
0.6111
0.44199
0.35251
0.26189
0.58637
0.83212
0.42702
0.34779
0.95649
0.87695
0.41373
0.17582
0.91338
0.25389
0.46013
0.72146
0.5002
0.20204
0.82016
0.66407
0.98232
0.96044
0.44499
0.11433
0.87212
0.58806
0.81574
0.43012
0.99977
0.54605
0.17169
0.47883
0.27721
0.84594
0.6111
0.44199
0.35251
0.26189
0.58637
0.83212
0.42702
0.34779
0.95649
0.87695
0.41373
0.17582
0.91338
0.25389
0.46013
0.72146
0.5002
0.20204
0.82016
0.66407
0.98232
0.96044
0.44499
0.11433
0.87212
0.58806
0.81574
0.43012
0.99977
0.54605
0.17169
0.47883
0.27721
0.84594
0.6111
0.44199
0.35251
0.26189
0.58637
0.83212
0.42702
0.34779
0.95649
0.87695
0.41373
0.17582
0.91338
0.25389
0.46013
0.72146
0.5002
0.20204
0.82016
0.66407
0.98232
0.96044
0.44499
0.11433
0.87212
0.58806
0.81574
0.43012
0.99977
0.54605
0.17169
0.47883
0.27721
0.84594
0.6111
0.44199
0.35251
0.26189
0.58637
0.83212
0.42702
0.34779
0.95649
0.87695
0.41373
0.17582
0.91338
0.25389
0.46013
0.72146
0.5002
0.20204
0.82016
0.66407
0.98232
0.96044
0.44499
0.11433
0.87212
0.58806
0.81574
0.43012
0.99977
0.54605
0.17169
0.47883
0.27721
0.84594
0.6111
0.44199
0.35251
0.26189
0.58637
0.83212
0.42702
0.34779
0.95649
0.87695
0.41373
0.17582
0.91338
0.25389
0.46013
0.72146
0.5002
0.20204
0.82016
0.66407
0.98232
0.96044
0.44499
0.11433
0.87212
0.58806
0.81574
0.43012
0.99977
0.54605
0.17169
0.47883
0.27721
0.84594
0.6111
0.44199
0.35251
0.26189
0.58637
0.83212
0.42702
0.34779
0.95649
0.87695
0.41373
0.17582
0.91338
0.25389
0.46013
0.72146
0.5002
0.20204
0.82016
0.66407
0.98232
0.96044
0.44499
0.11433
0.87212
0.58806
0.81574
0.43012
0.99977
0.54605
0.17169
0.47883
0.27721
0.84594
0.6111
0.44199
0.35251
0.26189
0.58637
0.83212
0.42702
0.34779
0.95649
0.87695
0.41373
0.17582
0.91338
0.25389
0.46013
0.72146
0.5002
0.20204
0.82016
0.66407
0.98232
0.96044
0.44499
0.11433
0.87212
0.58806
0.81574
0.43012
0.99977
0.54605
0.17169
0.47883
0.27721
0.84594
0.6111
0.44199
0.35251
0.26189
0.58637
0.83212
0.42702
0.34779
0.95649
0.87695
0.41373
0.17582
0.91338
0.25389
0.46013
0.72146
0.5002
0.20204
0.82016
0.66407
0.98232
0.96044
0.44499
0.11433
0.87212
0.58806
0.81574
0.43012
0.99977
0.54605
0.17169
0.47883
0.27721
0.84594
0.6111
0.44199
0.35251
0.26189
0.58637
0.83212
0.42702
0.34779
0.95649
0.87695
0.41373
0.17582
0.91338
0.25389
0.46013
0.72146
0.5002
0.20204
0.82016
0.66407
0.98232
0.96044
0.44499
0.11433
0.87212
0.58806
0.81574
0.43012
0.99977
0.54605
0.17169
0.47883
0.27721
0.84594
0.6111
0.44199
0.35251
0.26189
0.58637
0.83212
0.42702
0.34779
0.95649
0.87695
0.41373
0.17582
0.91338
0.25389
0.46013
0.72146
0.5002
0.20204
0.82016
0.66407
0.98232
0.96044
0.44499
0.11433
0.87212
0.58806
0.81574
0.43012
0.99977
0.54605
0.17169
0.47883
0.27721
0.84594
0.6111
0.44199
0.35251
0.26189
0.58637
0.83212
0.42702
0.34779
0.95649
0.87695
0.41373
0.17582
0.91338
0.25389
0.46013
0.72146
0.5002
0.20204
0.82016
0.66407
0.98232
0.96044
0.44499
0.11433
0.87212
0.58806
0.81574
0.43012
0.99977
0.54605
0.17169
0.47883
0.27721
0.84594
0.6111
0.44199
0.35251
0.26189
0.58637
0.83212
0.42702
0.34779
0.95649
0.87695
0.41373
0.17582
0.91338
0.25389
0.46013
0.72146
0.5002
0.20204
0.82016
0.66407
0.98232
0.96044
0.44499
0.11433
0.87212
0.58806
0.81574
0.43012
0.99977
0.54605
0.17169
0.47883
0.27721
0.84594
0.6111
0.44199
0.35251
0.26189
0.58637
0.83212
0.42702
0.34779
0.95649
0.87695
0.41373
0.17582
0.91338
0.25389
0.46013
0.72146
0.5002
0.20204
0.82016
0.66407
0.98232
0.96044
0.44499
0.11433
0.87212
0.58806
0.81574
0.43012
0.99977
0.54605
0.17169
0.47883
0.27721
0.84594
0.6111
0.44199
0.35251
0.26189
0.58637
0.83212
0.42702
0.34779
0.95649
0.87695
0.41373
0.17582
0.91338
0.25389
0.46013
0.72146
0.5002
0.20204
0.82016
0.66407
0.98232
0.96044
0.44499
0.11433
0.87212
0.58806
0.81574
0.43012
0.99977
0.54605
0.17169
0.47883
0.27721
0.84594
0.6111
0.44199
0.35251
0.26189
0.58637
0.83212
0.42702
0.34779
0.95649
0.87695
0.41373
0.17582
0.91338
0.25389
0.46013
0.72146
0.5002
0.20204
0.82016
0.66407
0.98232
0.96044
0.44499
0.11433
0.87212
0.58806
0.81574
0.43012
0.99977
0.54605
0.17169
0.47883
0.27721
0.84594
0.6111
0.44199
0.35251
0.26189
0.58637
0.83212
0.42702
0.34779
0.95649
0.87695
0.41373
0.17582
0.91338
0.25389
0.46013
0.72146
0.5002
0.20204
0.82016
0.66407
0.98232
0.96044
0.44499
0.11433
0.87212
0.58806
0.81574
0.43012
0.99977
0.54605
0.17169
0.47883
0.27721
0.84594
0.6111
0.44199
0.35251
0.26189
0.58637
0.83212
0.42702
0.34779
0.95649
0.87695
0.41373
0.17582
0.91338
0.25389
0.46013
0.72146
0.5002
0.20204
0.82016
0.66407
0.98232
0.96044
0.44499
0.11433
0.87212
0.58806
0.81574
0.43012
0.99977
0.54605
0.17169
0.47883
0.27721
0.84594
0.6111
0.44199
0.35251
0.26189
0.58637
0.83212
0.42702
0.34779
0.95649
0.87695
0.41373
0.17582
0.91338
0.25389
0.46013
0.72146
0.5002
0.20204
0.82016
0.66407
0.98232
0.96044
0.44499
0.11433
0.87212
0.58806
0.81574
0.43012
0.99977
0.54605
0.17169
0.47883
0.27721
0.84594
0.6111
0.44199
0.35251
0.26189
0.58637
0.83212
0.42702
0.34779
0.95649
0.87695
0.41373
0.17582
0.91338
0.25389
0.46013
0.72146
0.5002
0.20204
0.82016
0.66407
0.98232
0.96044
0.44499
0.11433
0.87212
0.58806
0.81574
0.43012
0.99977
0.54605
0.17169
0.47883
0.27721
0.84594
0.6111
0.44199
0.35251
0.26189
0.58637
0.83212
0.42702
0.34779
0.95649
0.87695
0.41373
0.17582
0.91338
0.25389
0.46013
0.72146
0.5002
0.20204
0.82016
0.66407
0.98232
0.96044
0.44499
0.11433
0.87212
0.58806
0.81574
0.43012
0.99977
0.54605
0.17169
0.47883
0.27721
0.84594
0.6111
0.44199
0.35251
0.26189
0.58637
0.83212
0.42702
0.34779
0.95649
0.87695
0.41373
0.17582
0.91338
0.25389
0.46013
0.72146
0.5002
0.20204
0.82016
0.66407
0.98232
0.96044
0.44499
0.11433
0.87212
0.58806
0.81574
0.43012
0.99977
0.54605
0.17169
0.47883
0.27721
0.84594
0.6111
0.44199
0.35251
0.26189
0.58637
0.83212
0.42702
0.34779
0.95649
0.87695
0.41373
0.17582
0.91338
0.25389
0.46013
0.72146
0.5002
0.20204
0.82016
0.66407
0.98232
0.96044
0.44499
0.11433
0.87212
0.58806
0.81574
0.43012
0.99977
0.54605
0.17169
0.47883
0.27721
0.84594
0.6111
0.44199
0.35251
0.26189
0.58637
0.83212
0.42702
0.34779
0.95649
0.87695
0.41373
0.17582
0.91338
0.25389
0.46013
0.72146
0.5002
0.20204
0.82016
0.66407
0.98232
0.96044
0.44499
0.11433
0.87212
0.58806
0.81574
0.43012
0.99977
0.54605
0.17169
0.47883
0.27721
0.84594
0.6111
0.44199
0.35251
0.26189
0.58637
0.83212
0.42702
0.34779
0.95649
0.87695
0.41373
0.17582
0.91338
0.25389
0.46013
0.72146
0.5002
0.20204
0.82016
0.66407
0.98232
0.96044
0.44499
0.11433
0.87212
0.58806
0.81574
0.43012
0.99977
0.54605
0.17169
0.47883
0.27721
0.84594
0.6111
0.44199
0.35251
0.26189
0.58637
0.83212
0.42702
0.34779
0.95649
0.87695
0.41373
0.17582
0.91338
0.25389
0.46013
0.72146
0.5002
0.20204
0.82016
0.66407
0.98232
0.96044
0.44499
0.11433
0.87212
0.58806
0.81574
0.43012
0.99977
0.54605
0.17169
0.47883
0.27721
0.84594
0.6111
0.44199
0.35251
0.26189
0.58637
0.83212
0.42702
0.34779
0.95649
0.87695
0.41373
0.17582
0.91338
0.25389
0.46013
0.72146
0.5002
0.20204
0.82016
0.66407
0.98232
0.96044
0.44499
0.11433
0.87212
0.58806
0.81574
0.43012
0.99977
0.54605
0.17169
0.47883
0.27721
0.84594
0.6111
0.44199
0.35251
0.26189
0.58637
0.83212
0.42702
0.34779
0.95649
0.87695
0.41373
0.17582
0.91338
0.25389
0.46013
0.72146
0.5002
0.20204
0.82016
0.66407
0.98232
0.96044
0.44499
0.11433
0.87212
0.58806
0.81574
0.43012
0.99977
0.54605
0.17169
0.47883
0.27721
0.84594
0.6111
0.44199
0.35251
0.26189
0.58637
0.83212
0.42702
0.34779
0.95649
0.87695
0.41373
0.17582
0.91338
0.25389
0.46013
0.72146
0.5002
0.20204
0.82016
0.66407
0.98232
0.96044
0.44499
0.11433
0.87212
0.58806
0.81574
0.43012
0.99977
0.54605
0.17169
0.47883
0.27721
0.84594
0.6111
0.44199
0.35251
0.26189
0.58637
0.83212
0.42702
0.34779
0.95649
0.87695
0.41373
0.17582
0.91338
0.25389
0.46013
0.72146
0.5002
0.20204
0.82016
0.66407
0.98232
0.96044
0.44499
0.11433
0.87212
0.58806
0.81574
0.43012
0.99977
0.54605
0.17169
0.47883
0.27721
0.84594
0.6111
0.44199
0.35251
0.26189
0.58637
0.83212
0.42702
0.34779
0.95649
0.87695
0.41373
0.17582
0.91338
0.25389
0.46013
0.72146
0.5002
0.20204
0.82016
0.66407
0.98232
0.96044
0.44499
0.11433
0.87212
0.58806
0.81574
0.43012
0.99977
0.54605
0.17169
0.47883
0.27721
0.84594
0.6111
0.44199
0.35251
0.26189
0.58637
0.83212
0.42702
0.34779
0.95649
0.87695
0.41373
0.17582
0.91338
0.25389
0.46013
0.72146
0.5002
0.20204
0.82016
0.66407
0.98232
0.96044
0.44499
0.11433
0.87212
0.58806
0.81574
0.43012
0.99977
0.54605
0.17169
0.47883
0.27721
0.84594
0.6111
0.44199
0.35251
0.26189
0.58637
0.83212
0.42702
0.34779
0.95649
0.87695
0.41373
0.17582
0.91338
0.25389
0.46013
0.72146
0.5002
0.20204
0.82016
0.66407
0.98232
0.96044
0.44499
0.11433
0.87212
0.58806
0.81574
0.43012
0.99977
0.54605
0.17169
0.47883
0.27721
0.84594
0.6111
0.44199
0.35251
0.26189
0.58637
0.83212
0.42702
0.34779
0.95649
0.87695
0.41373
0.17582
0.91338
0.25389
0.46013
0.72146
0.5002
0.20204
0.82016
0.66407
0.98232
0.96044
0.44499
0.11433
0.87212
0.58806
0.81574
0.43012
0.99977
0.54605
0.17169
0.47883
0.27721
0.84594
0.6111
0.44199
0.35251
0.26189
0.58637
0.83212
0.42702
0.34779
0.95649
0.87695
0.41373
0.17582
0.91338
0.25389
0.46013
0.72146
0.5002
0.20204
0.82016
0.66407
0.98232
0.96044
0.44499
0.11433
0.87212
0.58806
0.81574
0.43012
0.99977
0.54605
0.17169
0.47883
0.27721
0.84594
0.6111
0.44199
0.35251
0.26189
0.58637
0.83212
0.42702
0.34779
0.95649
0.87695
0.41373
0.17582
0.91338
0.25389
0.46013
0.72146
0.5002
0.20204
0.82016
0.66407
0.98232
0.96044
0.44499
0.11433
0.87212
0.58806
0.81574
0.43012
0.99977
0.54605
0.17169
0.47883
0.27721
0.84594
0.6111
0.44199
0.35251
0.26189
0.58637
0.83212
0.42702
0.34779
0.95649
0.87695
0.41373
0.17582
0.91338
0.25389
0.46013
0.72146
0.5002
0.20204
0.82016
0.66407
0.98232
0.96044
0.44499
0.11433
0.87212
0.58806
0.81574
0.43012
0.99977
0.54605
0.17169
0.47883
0.27721
0.84594
0.6111
0.44199
0.35251
0.26189
0.58637
0.83212
0.42702
0.34779
0.95649
0.87695
0.41373
0.17582
0.91338
0.25389
0.46013
0.72146
0.5002
0.20204
0.82016
0.66407
0.98232
0.96044
0.44499
0.11433
0.87212
0.58806
0.81574
0.43012
0.99977
0.54605
0.17169
0.47883
0.27721
0.84594
0.6111
0.44199
0.35251
0.26189
0.58637
0.83212
0.42702
0.34779
0.95649
0.87695
0.41373
0.17582
0.91338
0.25389
0.46013
0.72146
0.5002
0.20204
0.82016
0.66407
0.98232
0.96044
0.44499
0.11433
0.87212
0.58806
0.81574
0.43012
0.99977
0.54605
0.17169
0.47883
0.27721
0.84594
0.6111
0.44199
0.35251
0.26189
0.58637
0.83212
0.42702
0.34779
0.95649
0.87695
0.41373
0.17582
0.91338
0.25389
0.46013
0.72146
0.5002
0.20204
0.82016
0.66407
0.98232
0.96044
0.44499
0.11433
0.87212
0.58806
0.81574
0.43012
0.99977
0.54605
0.17169
0.47883
0.27721
0.84594
0.6111
0.44199
0.35251
0.26189
0.58637
0.83212
0.42702
0.34779
0.95649
0.87695
0.41373
0.17582
0.91338
0.25389
0.46013
0.72146
0.5002
0.20204
0.82016
0.66407
0.98232
0.96044
0.44499
0.11433
0.87212
0.58806
0.81574
0.43012
0.99977
0.54605
0.17169
0.47883
0.27721
0.84594
0.6111
0.44199
0.35251
0.26189
0.58637
0.83212
0.42702
0.34779
0.95649
0.87695
0.41373
0.17582
0.91338
0.25389
0.46013
0.72146
0.5002
0.20204
0.82016
0.66407
0.98232
0.96044
0.44499
0.11433
0.87212
0.58806
0.81574
0.43012
0.99977
0.54605
0.17169
0.47883
0.27721
0.84594
0.6111
0.44199
0.35251
0.26189
0.58637
0.83212
0.42702
0.34779
0.95649
0.87695
0.41373
0.17582
0.91338
0.25389
0.46013
0.72146
0.5002
0.20204
0.82016
0.66407
0.98232
0.96044
0.44499
0.11433
0.87212
0.58806
0.81574
0.43012
0.99977
0.54605
0.17169
0.47883
0.27721
0.84594
0.6111
0.44199
0.35251
0.26189
0.58637
0.83212
0.42702
0.34779
0.95649
0.87695
0.41373
0.17582
0.91338
0.25389
0.46013
0.72146
0.5002
0.20204
0.82016
0.66407
0.98232
0.96044
0.44499
0.11433
0.87212
0.58806
0.81574
0.43012
0.99977
0.54605
0.17169
0.47883
0.27721
0.84594
0.6111
0.44199
0.35251
0.26189
0.58637
0.83212
0.42702
0.34779
0.95649
0.87695
0.41373
0.17582
0.91338
0.25389
0.46013
0.72146
0.5002
0.20204
0.82016
0.66407
0.98232
0.96044
0.44499
0.11433
0.87212
0.58806
0.81574
0.43012
0.99977
0.54605
0.17169
0.47883
0.27721
0.84594
0.6111
0.44199
0.35251
0.26189
0.58637
0.83212
0.42702
0.34779
0.95649
0.87695
0.41373
0.17582
0.91338
0.25389
0.46013
0.72146
0.5002
0.20204
0.82016
0.66407
0.98232
0.96044
0.44499
0.11433
0.87212
0.58806
0.81574
0.43012
0.99977
0.54605
0.17169
0.47883
0.27721
0.84594
0.6111
0.44199
0.35251
0.26189
0.58637
0.83212
0.42702
0.34779
0.95649
0.87695
0.41373
0.17582
0.91338
0.25389
0.46013
0.72146
0.5002
0.20204
0.82016
0.66407
0.98232
0.96044
0.44499
0.11433
0.87212
0.58806
0.81574
0.43012
0.99977
0.54605
0.17169
0.47883
0.27721
0.84594
0.6111
0.44199
0.35251
0.26189
0.58637
0.83212
0.42702
0.34779
0.95649
0.87695
0.41373
0.17582
0.91338
0.25389
0.46013
0.72146
0.5002
0.20204
0.82016
0.66407
0.98232
0.96044
0.44499
0.11433
0.87212
0.58806
0.81574
0.43012
0.99977
0.54605
0.17169
0.47883
0.27721
0.84594
0.6111
0.44199
0.35251
0.26189
0.58637
0.83212
0.42702
0.34779
0.95649
0.87695
0.41373
0.17582
0.91338
0.25389
0.46013
0.72146
0.5002
0.20204
0.82016
0.66407
0.98232
0.96044
0.44499
0.11433
0.87212
0.58806
0.81574
0.43012
0.99977
0.54605
0.17169
0.47883
0.27721
0.84594
0.6111
0.44199
0.35251
0.26189
0.58637
0.83212
0.42702
0.34779
0.95649
0.87695
0.41373
0.17582
0.91338
0.25389
0.46013
0.72146
0.5002
0.20204
0.82016
0.66407
0.98232
0.96044
0.44499
0.11433
0.87212
0.58806
0.81574
0.43012
0.99977
0.54605
0.17169
0.47883
0.27721
0.84594
0.6111
0.44199
0.35251
0.26189
0.58637
0.83212
0.42702
0.34779
0.95649
0.87695
0.41373
0.17582
0.91338
0.25389
0.46013
0.72146
0.5002
0.20204
0.82016
0.66407
0.98232
0.96044
0.44499
0.11433
0.87212
0.58806
0.81574
0.43012
0.99977
0.54605
0.17169
0.47883
0.27721
0.84594
0.6111
0.44199
0.35251
0.26189
0.58637
0.83212
0.42702
0.34779
0.95649
0.87695
0.41373
0.17582
0.91338
0.25389
0.46013
0.72146
0.5002
0.20204
0.82016
0.66407
0.98232
0.96044
0.44499
0.11433
0.87212
0.58806
0.81574
0.43012
0.99977
0.54605
0.17169
0.47883
0.27721
0.84594
0.6111
0.44199
0.35251
0.26189
0.58637
0.83212
0.42702
0.34779
0.95649
0.87695
0.41373
0.17582
0.91338
0.25389
0.46013
0.72146
0.5002
0.20204
0.82016
0.66407
0.98232
0.96044
0.44499
0.11433
0.87212
0.58806
0.81574
0.43012
0.99977
0.54605
0.17169
0.47883
0.27721
0.84594
0.6111
0.44199
0.35251
0.26189
0.58637
0.83212
0.42702
0.34779
0.95649
0.87695
0.41373
0.17582
0.91338
0.25389
0.46013
0.72146
0.5002
0.20204
0.82016
0.66407
0.98232
0.96044
0.44499
0.11433
0.87212
0.58806
0.81574
0.43012
0.99977
0.54605
0.17169
0.47883
0.27721
0.84594
0.6111
0.44199
0.35251
0.26189
0.58637
0.83212
0.42702
0.34779
0.95649
0.87695
0.41373
0.17582
0.91338
0.25389
0.46013
0.72146
0.5002
0.20204
0.82016
0.66407
0.98232
0.96044
0.44499
0.11433
0.87212
0.58806
0.81574
0.43012
0.99977
0.54605
0.17169
0.47883
0.27721
0.84594
0.6111
0.44199
0.35251
0.26189
0.58637
0.83212
0.42702
0.34779
0.95649
0.87695
0.41373
0.17582
0.91338
0.25389
0.46013
0.72146
0.5002
0.20204
0.82016
0.66407
0.98232
0.96044
0.44499
0.11433
0.87212
0.58806
0.81574
0.43012
0.99977
0.54605
0.17169
0.47883
0.27721
0.84594
0.6111
0.44199
0.35251
0.26189
0.58637
0.83212
0.42702
0.34779
0.95649
0.87695
0.41373
0.17582
0.91338
0.25389
0.46013
0.72146
0.5002
0.20204
0.82016
0.66407
0.98232
0.96044
0.44499
0.11433
0.87212
0.58806
0.81574
0.43012
0.99977
0.54605
0.17169
0.47883
0.27721
0.84594
0.6111
0.44199
0.35251
0.26189
0.58637
0.83212
0.42702
0.34779
0.95649
0.87695
0.41373
0.17582
0.91338
0.25389
0.46013
0.72146
0.5002
0.20204
0.82016
0.66407
0.98232
0.96044
0.44499
0.11433
0.87212
0.58806
0.81574
0.43012
0.99977
0.54605
0.17169
0.47883
0.27721
0.84594
0.6111
0.44199
0.35251
0.26189
0.58637
0.83212
0.42702
0.34779
0.95649
0.87695
0.41373
0.17582
0.91338
0.25389
0.46013
0.72146
0.5002
0.20204
0.82016
0.66407
0.98232
0.96044
0.44499
0.11433
0.87212
0.58806
0.81574
0.43012
0.99977
0.54605
0.17169
0.47883
0.27721
0.84594
0.6111
0.44199
0.35251
0.26189
0.58637
0.83212
0.42702
0.34779
0.95649
0.87695
0.41373
0.17582
0.91338
0.25389
0.46013
0.72146
0.5002
0.20204
0.82016
0.66407
0.98232
0.96044
0.44499
0.11433
0.87212
0.58806
0.81574
0.43012
0.99977
0.54605
0.17169
0.47883
0.27721
0.84594
0.6111
0.44199
0.35251
0.26189
0.58637
0.83212
0.42702
0.34779
0.95649
0.87695
0.41373
0.17582
0.91338
0.25389
0.46013
0.72146
0.5002
0.20204
0.82016
0.66407
0.98232
0.96044
0.44499
0.11433
0.87212
0.58806
0.81574
0.43012
0.99977
0.54605
0.17169
0.47883
0.27721
0.84594
0.6111
0.44199
0.35251
0.26189
0.58637
0.83212
0.42702
0.34779
0.95649
0.87695
0.41373
0.17582
0.91338
0.25389
0.46013
0.72146
0.5002
0.20204
0.82016
0.66407
0.98232
0.96044
0.44499
0.11433
0.87212
0.58806
0.81574
0.43012
0.99977
0.54605
0.17169
0.47883
0.27721
0.84594
0.6111
0.44199
0.35251
0.26189
0.58637
0.83212
0.42702
0.34779
0.95649
0.87695
0.41373
0.17582
0.91338
0.25389
0.46013
0.72146
0.5002
0.20204
0.82016
0.66407
0.98232
0.96044
0.44499
0.11433
0.87212
0.58806
0.81574
0.43012
0.99977
0.54605
0.17169
0.47883
0.27721
0.84594
0.6111
0.44199
0.35251
0.26189
0.58637
0.83212
0.42702
0.34779
0.95649
0.87695
0.41373
0.17582
0.91338
0.25389
0.46013
0.72146
0.5002
0.20204
0.82016
0.66407
0.98232
0.96044
0.44499
0.11433
0.87212
0.58806
0.81574
0.43012
0.99977
0.54605
0.17169
0.47883
0.27721
0.84594
0.6111
0.44199
0.35251
0.26189
0.58637
0.83212
0.42702
0.34779
0.95649
0.87695
0.41373
0.17582
0.91338
0.25389
0.46013
0.72146
0.5002
0.20204
0.82016
0.66407
0.98232
0.96044
0.44499
0.11433
0.87212
0.58806
0.81574
0.43012
0.99977
0.54605
0.17169
0.47883
0.27721
0.84594
0.6111
0.44199
0.35251
0.26189
0.58637
0.83212
0.42702
0.34779
0.95649
0.87695
0.41373
0.17582
0.91338
0.25389
0.46013
0.72146
0.5002
0.20204
0.82016
0.66407
0.98232
0.96044
0.44499
0.11433
0.87212
0.58806
0.81574
0.43012
0.99977
0.54605
0.17169
0.47883
0.27721
0.84594
0.6111
0.44199
0.35251
0.26189
0.58637
0.83212
0.42702
0.34779
0.95649
0.87695
0.41373
0.17582
0.91338
0.25389
0.46013
0.72146
0.5002
0.20204
0.82016
0.66407
0.98232
0.96044
0.44499
0.11433
0.87212
0.58806
0.81574
0.43012
0.99977
0.54605
0.17169
0.47883
0.27721
0.84594
0.6111
0.44199
0.35251
0.26189
0.58637
0.83212
0.42702
0.34779
0.95649
0.87695
0.41373
0.17582
0.91338
0.25389
0.46013
0.72146
0.5002
0.20204
0.82016
0.66407
0.98232
0.96044
0.44499
0.11433
0.87212
0.58806
0.81574
0.43012
0.99977
0.54605
0.17169
0.47883
0.27721
0.84594
0.6111
0.44199
0.35251
0.26189
0.58637
0.83212
0.42702
0.34779
0.95649
0.87695
0.41373
0.17582
0.91338
0.25389
0.46013
0.72146
0.5002
0.20204
0.82016
0.66407
0.98232
0.96044
0.44499
0.11433
0.87212
0.58806
0.81574
0.43012
0.99977
0.54605
0.17169
0.47883
0.27721
0.84594
0.6111
0.44199
0.35251
0.26189
0.58637
0.83212
0.42702
0.34779
0.95649
0.87695
0.41373
0.17582
0.91338
0.25389
0.46013
0.72146
0.5002
0.20204
0.82016
0.66407
0.98232
0.96044
0.44499
0.11433
0.87212
0.58806
0.81574
0.43012
0.99977
0.54605
0.17169
0.47883
0.27721
0.84594
0.6111
0.44199
0.35251
0.26189
0.58637
0.83212
0.42702
0.34779
0.95649
0.87695
0.41373
0.17582
0.91338
0.25389
0.46013
0.72146
0.5002
0.20204
0.82016
0.66407
0.98232
0.96044
0.44499
0.11433
0.87212
0.58806
0.81574
0.43012
0.99977
0.54605
0.17169
0.47883
0.27721
0.84594
0.6111
0.44199
0.35251
0.26189
0.58637
0.83212
0.42702
0.34779
0.95649
0.87695
0.41373
0.17582
0.91338
0.25389
0.46013
0.72146
0.5002
0.20204
0.82016
0.66407
0.98232
0.96044
0.44499
0.11433
0.87212
0.58806
0.81574
0.43012
0.99977
0.54605
0.17169
0.47883
0.27721
0.84594
0.6111
0.44199
0.35251
0.26189
0.58637
0.83212
0.42702
0.34779
0.95649
0.87695
0.41373
0.17582
0.91338
0.25389
0.46013
0.72146
0.5002
0.20204
0.82016
0.66407
0.98232
0.96044
0.44499
0.11433
0.87212
0.58806
0.81574
0.43012
0.99977
0.54605
0.17169
0.47883
0.27721
0.84594
0.6111
0.44199
0.35251
0.26189
0.58637
0.83212
0.42702
0.34779
0.95649
0.87695
0.41373
0.17582
0.91338
0.25389
0.46013
0.72146
0.5002
0.20204
0.82016
0.66407
0.98232
0.96044
0.44499
0.11433
0.87212
0.58806
0.81574
0.43012
0.99977
0.54605
0.17169
0.47883
0.27721
0.84594
0.6111
0.44199
0.35251
0.26189
0.58637
0.83212
0.42702
0.34779
0.95649
0.87695
0.41373
0.17582
0.91338
0.25389
0.46013
0.72146
0.5002
0.20204
0.82016
0.66407
0.98232
0.96044
0.44499
0.11433
0.87212
0.58806
0.81574
0.43012
0.99977
0.54605
0.17169
0.47883
0.27721
0.84594
0.6111
0.44199
0.35251
0.26189
0.58637
0.83212
0.42702
0.34779
0.95649
0.87695
0.41373
0.17582
0.91338
0.25389
0.46013
0.72146
0.5002
0.20204
0.82016
0.66407
0.98232
0.96044
0.44499
0.11433
0.87212
0.58806
0.81574
0.43012
0.99977
0.54605
0.17169
0.47883
0.27721
0.84594
0.6111
0.44199
0.35251
0.26189
0.58637
0.83212
0.42702
0.34779
0.95649
0.87695
0.41373
0.17582
0.91338
0.25389
0.46013
0.72146
0.5002
0.20204
0.82016
0.66407
0.98232
0.96044
0.44499
0.11433
0.87212
0.58806
0.81574
0.43012
0.99977
0.54605
0.17169
0.47883
0.27721
0.84594
0.6111
0.44199
0.35251
0.26189
0.58637
0.83212
0.42702
0.34779
0.95649
0.87695
0.41373
0.17582
0.91338
0.25389
0.46013
0.72146
0.5002
0.20204
0.82016
0.66407
0.98232
0.96044
0.44499
0.11433
0.87212
0.58806
0.81574
0.43012
0.99977
0.54605
0.17169
0.47883
0.27721
0.84594
0.6111
0.44199
0.35251
0.26189
0.58637
0.83212
0.42702
0.34779
0.95649
0.87695
0.41373
0.17582
0.91338
0.25389
0.46013
0.72146
0.5002
0.20204
0.82016
0.66407
0.98232
0.96044
0.44499
0.11433
0.87212
0.58806
0.81574
0.43012
0.99977
0.54605
0.17169
0.47883
0.27721
0.84594
0.6111
0.44199
0.35251
0.26189
0.58637
0.83212
0.42702
0.34779
0.95649
0.87695
0.41373
0.17582
0.91338
0.25389
0.46013
0.72146
0.5002
0.20204
0.82016
0.66407
0.98232
0.96044
0.44499
0.11433
0.87212
0.58806
0.81574
0.43012
0.99977
0.54605
0.17169
0.47883
0.27721
0.84594
0.6111
0.44199
0.35251
0.26189
0.58637
0.83212
0.42702
0.34779
0.95649
0.87695
0.41373
0.17582
0.91338
0.25389
0.46013
0.72146
0.5002
0.20204
0.82016
0.66407
0.98232
0.96044
0.44499
0.11433
0.87212
0.58806
0.81574
0.43012
0.99977
0.54605
0.17169
0.47883
0.27721
0.84594
0.6111
0.44199
0.35251
0.26189
0.58637
0.83212
0.42702
0.34779
0.95649
0.87695
0.41373
0.17582
0.91338
0.25389
0.46013
0.72146
0.5002
0.20204
0.82016
0.66407
0.98232
0.96044
0.44499
0.11433
0.87212
0.58806
0.81574
0.43012
0.99977
0.54605
0.17169
0.47883
0.27721
0.84594
0.6111
0.44199
0.35251
0.26189
0.58637
0.83212
0.42702
0.34779
0.95649
0.87695
0.41373
0.17582
0.91338
0.25389
0.46013
0.72146
0.5002
0.20204
0.82016
0.66407
0.98232
0.96044
0.44499
0.11433
0.87212
0.58806
0.81574
0.43012
0.99977
0.54605
0.17169
0.47883
0.27721
0.84594
0.6111
0.44199
0.35251
0.26189
0.58637
0.83212
0.42702
0.34779
0.95649
0.87695
0.41373
0.17582
0.91338
0.25389
0.46013
0.72146
0.5002
0.20204
0.82016
0.66407
0.98232
0.96044
0.44499
0.11433
0.87212
0.58806
0.81574
0.43012
0.99977
0.54605
0.17169
0.47883
0.27721
0.84594
0.6111
0.44199
0.35251
0.26189
0.58637
0.83212
0.42702
0.34779
0.95649
0.87695
0.41373
0.17582
0.91338
0.25389
0.46013
0.72146
0.5002
0.20204
0.82016
0.66407
0.98232
0.96044
0.44499
0.11433
0.87212
0.58806
0.81574
0.43012
0.99977
0.54605
0.17169
0.47883
0.27721
0.84594
0.6111
0.44199
0.35251
0.26189
0.58637
0.83212
0.42702
0.34779
0.95649
0.87695
0.41373
0.17582
0.91338
0.25389
0.46013
0.72146
0.5002
0.20204
0.82016
0.66407
0.98232
0.96044
0.44499
0.11433
0.87212
0.58806
0.81574
0.43012
0.99977
0.54605
0.17169
0.47883
0.27721
0.84594
0.6111
0.44199
0.35251
0.26189
0.58637
0.83212
0.42702
0.34779
0.95649
0.87695
0.41373
0.17582
0.91338
0.25389
0.46013
0.72146
0.5002
0.20204
0.82016
0.66407
0.98232
0.96044
0.44499
0.11433
0.87212
0.58806
0.81574
0.43012
0.99977
0.54605
0.17169
0.47883
0.27721
0.84594
0.6111
0.44199
0.35251
0.26189
0.58637
0.83212
0.42702
0.34779
0.95649
0.87695
0.41373
0.17582
0.91338
0.25389
0.46013
0.72146
0.5002
0.20204
0.82016
0.66407
0.98232
0.96044
0.44499
0.11433
0.87212
0.58806
0.81574
0.43012
0.99977
0.54605
0.17169
0.47883
0.27721
0.84594
0.6111
0.44199
0.35251
0.26189
0.58637
0.83212
0.42702
0.34779
0.95649
0.87695
0.41373
0.17582
0.91338
0.25389
0.46013
0.72146
0.5002
0.20204
0.82016
0.66407
0.98232
0.96044
0.44499
0.11433
0.87212
0.58806
0.81574
0.43012
0.99977
0.54605
0.17169
0.47883
0.27721
0.84594
0.6111
0.44199
0.35251
0.26189
0.58637
0.83212
0.42702
0.34779
0.95649
0.87695
0.41373
0.17582
0.91338
0.25389
0.46013
0.72146
0.5002
0.20204
0.82016
0.66407
0.98232
0.96044
0.44499
0.11433
0.87212
0.58806
0.81574
0.43012
0.99977
0.54605
0.17169
0.47883
0.27721
0.84594
0.6111
0.44199
0.35251
0.26189
0.58637
0.83212
0.42702
0.34779
0.95649
0.87695
0.41373
0.17582
0.91338
0.25389
0.46013
0.72146
0.5002
0.20204
0.82016
0.66407
0.98232
0.96044
0.44499
0.11433
0.87212
0.58806
0.81574
0.43012
0.99977
0.54605
0.17169
0.47883
0.27721
0.84594
0.6111
0.44199
0.35251
0.26189
0.58637
0.83212
0.42702
0.34779
0.95649
0.87695
0.41373
0.17582
0.91338
0.25389
0.46013
0.72146
0.5002
0.20204
0.82016
0.66407
0.98232
0.96044
0.44499
0.11433
0.87212
0.58806
0.81574
0.43012
0.99977
0.54605
0.17169
0.47883
0.27721
0.84594
0.6111
0.44199
0.35251
0.26189
0.58637
0.83212
0.42702
0.34779
0.95649
0.87695
0.41373
0.17582
0.91338
0.25389
0.46013
0.72146
0.5002
0.20204
0.82016
0.66407
0.98232
0.96044
0.44499
0.11433
0.87212
0.58806
0.81574
0.43012
0.99977
0.54605
0.17169
0.47883
0.27721
0.84594
0.6111
0.44199
0.35251
0.26189
0.58637
0.83212
0.42702
0.34779
0.95649
0.87695
0.41373
0.17582
0.91338
0.25389
0.46013
0.72146
0.5002
0.20204
0.82016
0.66407
0.98232
0.96044
0.44499
0.11433
0.87212
0.58806
0.81574
0.43012
0.99977
0.54605
0.17169
0.47883
0.27721
0.84594
0.6111
0.44199
0.35251
0.26189
0.58637
0.83212
0.42702
0.34779
0.95649
0.87695
0.41373
0.17582
0.91338
0.25389
0.46013
0.72146
0.5002
0.20204
0.82016
0.66407
0.98232
0.96044
0.44499
0.11433
0.87212
0.58806
0.81574
0.43012
0.99977
0.54605
0.17169
0.47883
0.27721
0.84594
0.6111
0.44199
0.35251
0.26189
0.58637
0.83212
0.42702
0.34779
0.95649
0.87695
0.41373
0.17582
0.91338
0.25389
0.46013
0.72146
0.5002
0.20204
0.82016
0.66407
0.98232
0.96044
0.44499
0.11433
0.87212
0.58806
0.81574
0.43012
0.99977
0.54605
0.17169
0.47883
0.27721
0.84594
0.6111
0.44199
0.35251
0.26189
0.58637
0.83212
0.42702
0.34779
0.95649
0.87695
0.41373
0.17582
0.91338
0.25389
0.46013
0.72146
0.5002
0.20204
0.82016
0.66407
0.98232
0.96044
0.44499
0.11433
0.87212
0.58806
0.81574
0.43012
0.99977
0.54605
0.17169
0.47883
0.27721
0.84594
0.6111
0.44199
0.35251
0.26189
0.58637
0.83212
0.42702
0.34779
0.95649
0.87695
0.41373
0.17582
0.91338
0.25389
0.46013
0.72146
0.5002
0.20204
0.82016
0.66407
0.98232
0.96044
0.44499
0.11433
0.87212
0.58806
0.81574
0.43012
0.99977
0.54605
0.17169
0.47883
0.27721
0.84594
0.6111
0.44199
0.35251
0.26189
0.58637
0.83212
0.42702
0.34779
0.95649
0.87695
0.41373
0.17582
0.91338
0.25389
0.46013
0.72146
0.5002
0.20204
0.82016
0.66407
0.98232
0.96044
0.44499
0.11433
0.87212
0.58806
0.81574
0.43012
0.99977
0.54605
0.17169
0.47883
0.27721
0.84594
0.6111
0.44199
0.35251
0.26189
0.58637
0.83212
0.42702
0.34779
0.95649
0.87695
0.41373
0.17582
0.91338
0.25389
0.46013
0.72146
0.5002
0.20204
0.82016
0.66407
0.98232
0.96044
0.44499
0.11433
0.87212
0.58806
0.81574
0.43012
0.99977
0.54605
0.17169
0.47883
0.27721
0.84594
0.6111
0.44199
0.35251
0.26189
0.58637
0.83212
0.42702
0.34779
0.95649
0.87695
0.41373
0.17582
0.91338
0.25389
0.46013
0.72146
0.5002
0.20204
0.82016
0.66407
0.98232
0.96044
0.44499
0.11433
0.87212
0.58806
0.81574
0.43012
0.99977
0.54605
0.17169
0.47883
0.27721
0.84594
0.6111
0.44199
0.35251
0.26189
0.58637
0.83212
0.42702
0.34779
0.95649
0.87695
0.41373
0.17582
0.91338
0.25389
0.46013
0.72146
0.5002
0.20204
0.82016
0.66407
0.98232
0.96044
0.44499
0.11433
0.87212
0.58806
0.81574
0.43012
0.99977
0.54605
0.17169
0.47883
0.27721
0.84594
0.6111
0.44199
0.35251
0.26189
0.58637
0.83212
0.42702
0.34779
0.95649
0.87695
0.41373
0.17582
0.91338
0.25389
0.46013
0.72146
0.5002
0.20204
0.82016
0.66407
0.98232
0.96044
0.44499
0.11433
0.87212
0.58806
0.81574
0.43012
0.99977
0.54605
0.17169
0.47883
0.27721
0.84594
0.6111
0.44199
0.35251
0.26189
0.58637
0.83212
0.42702
0.34779
0.95649
0.87695
0.41373
0.17582
0.91338
0.25389
0.46013
0.72146
0.5002
0.20204
0.82016
0.66407
0.98232
0.96044
0.44499
0.11433
0.87212
0.58806
0.81574
0.43012
0.99977
0.54605
0.17169
0.47883
0.27721
0.84594
0.6111
0.44199
0.35251
0.26189
0.58637
0.83212
0.42702
0.34779
0.95649
0.87695
0.41373
0.17582
0.91338
0.25389
0.46013
0.72146
0.5002
0.20204
0.82016
0.66407
0.98232
0.96044
0.44499
0.11433
0.87212
0.58806
0.81574
0.43012
0.99977
0.54605
0.17169
0.47883
0.27721
0.84594
0.6111
0.44199
0.35251
0.26189
0.58637
0.83212
0.42702
0.34779
0.95649
0.87695
0.41373
0.17582
0.91338
0.25389
0.46013
0.72146
0.5002
0.20204
0.82016
0.66407
0.98232
0.96044
0.44499
0.11433
0.87212
0.58806
0.81574
0.43012
0.99977
0.54605
0.17169
0.47883
0.27721
0.84594
0.6111
0.44199
0.35251
0.26189
0.58637
0.83212
0.42702
0.34779
0.95649
0.87695
0.41373
0.17582
0.91338
0.25389
0.46013
0.72146
0.5002
0.20204
0.82016
0.66407
0.98232
0.96044
0.44499
0.11433
0.87212
0.58806
0.81574
0.43012
0.99977
0.54605
0.17169
0.47883
0.27721
0.84594
0.6111
0.44199
0.35251
0.26189
0.58637
0.83212
0.42702
0.34779
0.95649
0.87695
0.41373
0.17582
0.91338
0.25389
0.46013
0.72146
0.5002
0.20204
0.82016
0.66407
0.98232
0.96044
0.44499
0.11433
0.87212
0.58806
0.81574
0.43012
0.99977
0.54605
0.17169
0.47883
0.27721
0.84594
0.6111
0.44199
0.35251
0.26189
0.58637
0.83212
0.42702
0.34779
0.95649
0.87695
0.41373
0.17582
0.91338
0.25389
0.46013
0.72146
0.5002
0.20204
0.82016
0.66407
0.98232
0.96044
0.44499
0.11433
0.87212
0.58806
0.81574
0.43012
0.99977
0.54605
0.17169
0.47883
0.27721
0.84594
0.6111
0.44199
0.35251
0.26189
0.58637
0.83212
0.42702
0.34779
0.95649
0.87695
0.41373
0.17582
0.91338
0.25389
0.46013
0.72146
0.5002
0.20204
0.82016
0.66407
0.98232
0.96044
0.44499
0.11433
0.87212
0.58806
0.81574
0.43012
0.99977
0.54605
0.17169
0.47883
0.27721
0.84594
0.6111
0.44199
0.35251
0.26189
0.58637
0.83212
0.42702
0.34779
0.95649
0.87695
0.41373
0.17582
0.91338
0.25389
0.46013
0.72146
0.5002
0.20204
0.82016
0.66407
0.98232
0.96044
0.44499
0.11433
0.87212
0.58806
0.81574
0.43012
0.99977
0.54605
0.17169
0.47883
0.27721
0.84594
0.6111
0.44199
0.35251
0.26189
0.58637
0.83212
0.42702
0.34779
0.95649
0.87695
0.41373
0.17582
0.91338
0.25389
0.46013
0.72146
0.5002
0.20204
0.82016
0.66407
0.98232
0.96044
0.44499
0.11433
0.87212
0.58806
0.81574
0.43012
0.99977
0.54605
0.17169
0.47883
0.27721
0.84594
0.6111
0.44199
0.35251
0.26189
0.58637
0.83212
0.42702
0.34779
0.95649
0.87695
0.41373
0.17582
0.91338
0.25389
0.46013
0.72146
0.5002
0.20204
0.82016
0.66407
0.98232
0.96044
0.44499
0.11433
0.87212
0.58806
0.81574
0.43012
0.99977
0.54605
0.17169
0.47883
0.27721
0.84594
0.6111
0.44199
0.35251
0.26189
0.58637
0.83212
0.42702
0.34779
0.95649
0.87695
0.41373
0.17582
0.91338
0.25389
0.46013
0.72146
0.5002
0.20204
0.82016
0.66407
0.98232
0.96044
0.44499
0.11433
0.87212
0.58806
0.81574
0.43012
0.99977
0.54605
0.17169
0.47883
0.27721
0.84594
0.6111
0.44199
0.35251
0.26189
0.58637
0.83212
0.42702
0.34779
0.95649
0.87695
0.41373
0.17582
0.91338
0.25389
0.46013
0.72146
0.5002
0.20204
0.82016
0.66407
0.98232
0.96044
0.44499
0.11433
0.87212
0.58806
0.81574
0.43012
0.99977
0.54605
0.17169
0.47883
0.27721
0.84594
0.6111
0.44199
0.35251
0.26189
0.58637
0.83212
0.42702
0.34779
0.95649
0.87695
0.41373
0.17582
0.91338
0.25389
0.46013
0.72146
0.5002
0.20204
0.82016
0.66407
0.98232
0.96044
0.44499
0.11433
0.87212
0.58806
0.81574
0.43012
0.99977
0.54605
0.17169
0.47883
0.27721
0.84594
0.6111
0.44199
0.35251
0.26189
0.58637
0.83212
0.42702
0.34779
0.95649
0.87695
0.41373
0.17582
0.91338
0.25389
0.46013
0.72146
0.5002
0.20204
0.82016
0.66407
0.98232
0.96044
0.44499
0.11433
0.87212
0.58806
0.81574
0.43012
0.99977
0.54605
0.17169
0.47883
0.27721
0.84594
0.6111
0.44199
0.35251
0.26189
0.58637
0.83212
0.42702
0.34779
0.95649
0.87695
0.41373
0.17582
0.91338
0.25389
0.46013
0.72146
0.5002
0.20204
0.82016
0.66407
0.98232
0.96044
0.44499
0.11433
0.87212
0.58806
0.81574
0.43012
0.99977
0.54605
0.17169
0.47883
0.27721
0.84594
0.6111
0.44199
0.35251
0.26189
0.58637
0.83212
0.42702
0.34779
0.95649
0.87695
0.41373
0.17582
0.91338
0.25389
0.46013
0.72146
0.5002
0.20204
0.82016
0.66407
0.98232
0.96044
0.44499
0.11433
0.87212
0.58806
0.81574
0.43012
0.99977
0.54605
0.17169
0.47883
0.27721
0.84594
0.6111
0.44199
0.35251
0.26189
0.58637
0.83212
0.42702
0.34779
0.95649
0.87695
0.41373
0.17582
0.91338
0.25389
0.46013
0.72146
0.5002
0.20204
0.82016
0.66407
0.98232
0.96044
0.44499
0.11433
0.87212
0.58806
0.81574
0.43012
0.99977
0.54605
0.17169
0.47883
0.27721
0.84594
0.6111
0.44199
0.35251
0.26189
0.58637
0.83212
0.42702
0.34779
0.95649
0.87695
0.41373
0.17582
0.91338
0.25389
0.46013
0.72146
0.5002
0.20204
0.82016
0.66407
0.98232
0.96044
0.44499
0.11433
0.87212
0.58806
0.81574
0.43012
0.99977
0.54605
0.17169
0.47883
0.27721
0.84594
0.6111
0.44199
0.35251
0.26189
0.58637
0.83212
0.42702
0.34779
0.95649
0.87695
0.41373
0.17582
0.91338
0.25389
0.46013
0.72146
0.5002
0.20204
0.82016
0.66407
0.98232
0.96044
0.44499
0.11433
0.87212
0.58806
0.81574
0.43012
0.99977
0.54605
0.17169
0.47883
0.27721
0.84594
0.6111
0.44199
0.35251
0.26189
0.58637
0.83212
0.42702
0.34779
0.95649
0.87695
0.41373
0.17582
0.91338
0.25389
0.46013
0.72146
0.5002
0.20204
0.82016
0.66407
0.98232
0.96044
0.44499
0.11433
0.87212
0.58806
0.81574
0.43012
0.99977
0.54605
0.17169
0.47883
0.27721
0.84594
0.6111
0.44199
0.35251
0.26189
0.58637
0.83212
0.42702
0.34779
0.95649
0.87695
0.41373
0.17582
0.91338
0.25389
0.46013
0.72146
0.5002
0.20204
0.82016
0.66407
0.98232
0.96044
0.44499
0.11433
0.87212
0.58806
0.81574
0.43012
0.99977
0.54605
0.17169
0.47883
0.27721
0.84594
0.6111
0.44199
0.35251
0.26189
0.58637
0.83212
0.42702
0.34779
0.95649
0.87695
0.41373
0.17582
0.91338
0.25389
0.46013
0.72146
0.5002
0.20204
0.82016
0.66407
0.98232
0.96044
0.44499
0.11433
0.87212
0.58806
0.81574
0.43012
0.99977
0.54605
0.17169
0.47883
0.27721
0.84594
0.6111
0.44199
0.35251
0.26189
0.58637
0.83212
0.42702
0.34779
0.95649
0.87695
0.41373
0.17582
0.91338
0.25389
0.46013
0.72146
0.5002
0.20204
0.82016
0.66407
0.98232
0.96044
0.44499
0.11433
0.87212
0.58806
0.81574
0.43012
0.99977
0.54605
0.17169
0.47883
0.27721
0.84594
0.6111
0.44199
0.35251
0.26189
0.58637
0.83212
0.42702
0.34779
0.95649
0.87695
0.41373
0.17582
0.91338
0.25389
0.46013
0.72146
0.5002
0.20204
0.82016
0.66407
0.98232
0.96044
0.44499
0.11433
0.87212
0.58806
0.81574
0.43012
0.99977
0.54605
0.17169
0.47883
0.27721
0.84594
0.6111
0.44199
0.35251
0.26189
0.58637
0.83212
0.42702
0.34779
0.95649
0.87695
0.41373
0.17582
0.91338
0.25389
0.46013
0.72146
0.5002
0.20204
0.82016
0.66407
0.98232
0.96044
0.44499
0.11433
0.87212
0.58806
0.81574
0.43012
0.99977
0.54605
0.17169
0.47883
0.27721
0.84594
0.6111
0.44199
0.35251
0.26189
0.58637
0.83212
0.42702
0.34779
0.95649
0.87695
0.41373
0.17582
0.91338
0.25389
0.46013
0.72146
0.5002
0.20204
0.82016
0.66407
0.98232
0.96044
0.44499
0.11433
0.87212
0.58806
0.81574
0.43012
0.99977
0.54605
0.17169
0.47883
0.27721
0.84594
0.6111
0.44199
0.35251
0.26189
0.58637
0.83212
0.42702
0.34779
0.95649
0.87695
0.41373
0.17582
0.91338
0.25389
0.46013
0.72146
0.5002
0.20204
0.82016
0.66407
0.98232
0.96044
0.44499
0.11433
0.87212
0.58806
0.81574
0.43012
0.99977
0.54605
0.17169
0.47883
0.27721
0.84594
0.6111
0.44199
0.35251
0.26189
0.58637
0.83212
0.42702
0.34779
0.95649
0.87695
0.41373
0.17582
0.91338
0.25389
0.46013
0.72146
0.5002
0.20204
0.82016
0.66407
0.98232
0.96044
0.44499
0.11433
0.87212
0.58806
0.81574
0.43012
0.99977
0.54605
0.17169
0.47883
0.27721
0.84594
0.6111
0.44199
0.35251
0.26189
0.58637
0.83212
0.42702
0.34779
0.95649
0.87695
0.41373
0.17582
0.91338
0.25389
0.46013
0.72146
0.5002
0.20204
0.82016
0.66407
0.98232
0.96044
0.44499
0.11433
0.87212
0.58806
0.81574
0.43012
0.99977
0.54605
0.17169
0.47883
0.27721
0.84594
0.6111
0.44199
0.35251
0.26189
0.58637
0.83212
0.42702
0.34779
0.95649
0.87695
0.41373
0.17582
0.91338
0.25389
0.46013
0.72146
0.5002
0.20204
0.82016
0.66407
0.98232
0.96044
0.44499
0.11433
0.87212
0.58806
0.81574
0.43012
0.99977
0.54605
0.17169
0.47883
0.27721
0.84594
0.6111
0.44199
0.35251
0.26189
0.58637
0.83212
0.42702
0.34779
0.95649
0.87695
0.41373
0.17582
0.91338
0.25389
0.46013
0.72146
0.5002
0.20204
0.82016
0.66407
0.98232
0.96044
0.44499
0.11433
0.87212
0.58806
0.81574
0.43012
0.99977
0.54605
0.17169
0.47883
0.27721
0.84594
0.6111
0.44199
0.35251
0.26189
0.58637
0.83212
0.42702
0.34779
0.95649
0.87695
0.41373
0.17582
0.91338
0.25389
0.46013
0.72146
0.5002
0.20204
0.82016
0.66407
0.98232
0.96044
0.44499
0.11433
0.87212
0.58806
0.81574
0.43012
0.99977
0.54605
0.17169
0.47883
0.27721
0.84594
0.6111
0.44199
0.35251
0.26189
0.58637
0.83212
0.42702
0.34779
0.95649
0.87695
0.41373
0.17582
0.91338
0.25389
0.46013
0.72146
0.5002
0.20204
0.82016
0.66407
0.98232
0.96044
0.44499
0.11433
0.87212
0.58806
0.81574
0.43012
0.99977
0.54605
0.17169
0.47883
0.27721
0.84594
0.6111
0.44199
0.35251
0.26189
0.58637
0.83212
0.42702
0.34779
0.95649
0.87695
0.41373
0.17582
0.91338
0.25389
0.46013
0.72146
0.5002
0.20204
0.82016
0.66407
0.98232
0.96044
0.44499
0.11433
0.87212
0.58806
0.81574
0.43012
0.99977
0.54605
0.17169
0.47883
0.27721
0.84594
0.6111
0.44199
0.35251
0.26189
0.58637
0.83212
0.42702
0.34779
0.95649
0.87695
0.41373
0.17582
0.91338
0.25389
0.46013
0.72146
0.5002
0.20204
0.82016
0.66407
0.98232
0.96044
0.44499
0.11433
0.87212
0.58806
0.81574
0.43012
0.99977
0.54605
0.17169
0.47883
0.27721
0.84594
0.6111
0.44199
0.35251
0.26189
0.58637
0.83212
0.42702
0.34779
0.95649
0.87695
0.41373
0.17582
0.91338
0.25389
0.46013
0.72146
0.5002
0.20204
0.82016
0.66407
0.98232
0.96044
0.44499
0.11433
0.87212
0.58806
0.81574
0.43012
0.99977
0.54605
0.17169
0.47883
0.27721
0.84594
0.6111
0.44199
0.35251
0.26189
0.58637
0.83212
0.42702
0.34779
0.95649
0.87695
0.41373
0.17582
0.91338
0.25389
0.46013
0.72146
0.5002
0.20204
0.82016
0.66407
0.98232
0.96044
0.44499
0.11433
0.87212
0.58806
0.81574
0.43012
0.99977
0.54605
0.17169
0.47883
0.27721
0.84594
0.6111
0.44199
0.35251
0.26189
0.58637
0.83212
0.42702
0.34779
0.95649
0.87695
0.41373
0.17582
0.91338
0.25389
0.46013
0.72146
0.5002
0.20204
0.82016
0.66407
0.98232
0.96044
0.44499
0.11433
0.87212
0.58806
0.81574
0.43012
0.99977
0.54605
0.17169
0.47883
0.27721
0.84594
0.6111
0.44199
0.35251
0.26189
0.58637
0.83212
0.42702
0.34779
0.95649
0.87695
0.41373
0.17582
0.91338
0.25389
0.46013
0.72146
0.5002
0.20204
0.82016
0.66407
0.98232
0.96044
0.44499
0.11433
0.87212
0.58806
0.81574
0.43012
0.99977
0.54605
0.17169
0.47883
0.27721
0.84594
0.6111
0.44199
0.35251
0.26189
0.58637
0.83212
0.42702
0.34779
0.95649
0.87695
0.41373
0.17582
0.91338
0.25389
0.46013
0.72146
0.5002
0.20204
0.82016
0.66407
0.98232
0.96044
0.44499
0.11433
0.87212
0.58806
0.81574
0.43012
0.99977
0.54605
0.17169
0.47883
0.27721
0.84594
0.6111
0.44199
0.35251
0.26189
0.58637
0.83212
0.42702
0.34779
0.95649
0.87695
0.41373
0.17582
0.91338
0.25389
0.46013
0.72146
0.5002
0.20204
0.82016
0.66407
0.98232
0.96044
0.44499
0.11433
0.87212
0.58806
0.81574
0.43012
0.99977
0.54605
0.17169
0.47883
0.27721
0.84594
0.6111
0.44199
0.35251
0.26189
0.58637
0.83212
0.42702
0.34779
0.95649
0.87695
0.41373
0.17582
0.91338
0.25389
0.46013
0.72146
0.5002
0.20204
0.82016
0.66407
0.98232
0.96044
0.44499
0.11433
0.87212
0.58806
0.81574
0.43012
0.99977
0.54605
0.17169
0.47883
0.27721
0.84594
0.6111
0.44199
0.35251
0.26189
0.58637
0.83212
0.42702
0.34779
0.95649
0.87695
0.41373
0.17582
0.91338
0.25389
0.46013
0.72146
0.5002
0.20204
0.82016
0.66407
0.98232
0.96044
0.44499
0.11433
0.87212
0.58806
0.81574
0.43012
0.99977
0.54605
0.17169
0.47883
0.27721
0.84594
0.6111
0.44199
0.35251
0.26189
0.58637
0.83212
0.42702
0.34779
0.95649
0.87695
0.41373
0.17582
0.91338
0.25389
0.46013
0.72146
0.5002
0.20204
0.82016
0.66407
0.98232
0.96044
0.44499
0.11433
0.87212
0.58806
0.81574
0.43012
0.99977
0.54605
0.17169
0.47883
0.27721
0.84594
0.6111
0.44199
0.35251
0.26189
0.58637
0.83212
0.42702
0.34779
0.95649
0.87695
0.41373
0.17582
0.91338
0.25389
0.46013
0.72146
0.5002
0.20204
0.82016
0.66407
0.98232
0.96044
0.44499
0.11433
0.87212
0.58806
0.81574
0.43012
0.99977
0.54605
0.17169
0.47883
0.27721
0.84594
0.6111
0.44199
0.35251
0.26189
0.58637
0.83212
0.42702
0.34779
0.95649
0.87695
0.41373
0.17582
0.91338
0.25389
0.46013
0.72146
0.5002
0.20204
0.82016
0.66407
0.98232
0.96044
0.44499
0.11433
0.87212
0.58806
0.81574
0.43012
0.99977
0.54605
0.17169
0.47883
0.27721
0.84594
0.6111
0.44199
0.35251
0.26189
0.58637
0.83212
0.42702
0.34779
0.95649
0.87695
0.41373
0.17582
0.91338
0.25389
0.46013
0.72146
0.5002
0.20204
0.82016
0.66407
0.98232
0.96044
0.44499
0.11433
0.87212
0.58806
0.81574
0.43012
0.99977
0.54605
0.17169
0.47883
0.27721
0.84594
0.6111
0.44199
0.35251
0.26189
0.58637
0.83212
0.42702
0.34779
0.95649
0.87695
0.41373
0.17582
0.91338
0.25389
0.46013
0.72146
0.5002
0.20204
0.82016
0.66407
0.98232
0.96044
0.44499
0.11433
0.87212
0.58806
0.81574
0.43012
0.99977
0.54605
0.17169
0.47883
0.27721
0.84594
0.6111
0.44199
0.35251
0.26189
0.58637
0.83212
0.42702
0.34779
0.95649
0.87695
0.41373
0.17582
0.91338
0.25389
0.46013
0.72146
0.5002
0.20204
0.82016
0.66407
0.98232
0.96044
0.44499
0.11433
0.87212
0.58806
0.81574
0.43012
0.99977
0.54605
0.17169
0.47883
0.27721
0.84594
0.6111
0.44199
0.35251
0.26189
0.58637
0.83212
0.42702
0.34779
0.95649
0.87695
0.41373
0.17582
0.91338
0.25389
0.46013
0.72146
0.5002
0.20204
0.82016
0.66407
0.98232
0.96044
0.44499
0.11433
0.87212
0.58806
0.81574
0.43012
0.99977
0.54605
0.17169
0.47883
0.27721
0.84594
0.6111
0.44199
0.35251
0.26189
0.58637
0.83212
0.42702
0.34779
0.95649
0.87695
0.41373
0.17582
0.91338
0.25389
0.46013
0.72146
0.5002
0.20204
0.82016
0.66407
0.98232
0.96044
0.44499
0.11433
0.87212
0.58806
0.81574
0.43012
0.99977
0.54605
0.17169
0.47883
0.27721
0.84594
0.6111
0.44199
0.35251
0.26189
0.58637
0.83212
0.42702
0.34779
0.95649
0.87695
0.41373
0.17582
0.91338
0.25389
0.46013
0.72146
0.5002
0.20204
0.82016
0.66407
0.98232
0.96044
0.44499
0.11433
0.87212
0.58806
0.81574
0.43012
0.99977
0.54605
0.17169
0.47883
0.27721
0.84594
0.6111
0.44199
0.35251
0.26189
0.58637
0.83212
0.42702
0.34779
0.95649
0.87695
0.41373
0.17582
0.91338
0.25389
0.46013
0.72146
0.5002
0.20204
0.82016
0.66407
0.98232
0.96044
0.44499
0.11433
0.87212
0.58806
0.81574
0.43012
0.99977
0.54605
0.17169
0.47883
0.27721
0.84594
0.6111
0.44199
0.35251
0.26189
0.58637
0.83212
0.42702
0.34779
0.95649
0.87695
0.41373
0.17582
0.91338
0.25389
0.46013
0.72146
0.5002
0.20204
0.82016
0.66407
0.98232
0.96044
0.44499
0.11433
0.87212
0.58806
0.81574
0.43012
0.99977
0.54605
0.17169
0.47883
0.27721
0.84594
0.6111
0.44199
0.35251
0.26189
0.58637
0.83212
0.42702
0.34779
0.95649
0.87695
0.41373
0.17582
0.91338
0.25389
0.46013
0.72146
0.5002
0.20204
0.82016
0.66407
0.98232
0.96044
0.44499
0.11433
0.87212
0.58806
0.81574
0.43012
0.99977
0.54605
0.17169
0.47883
0.27721
0.84594
0.6111
0.44199
0.35251
0.26189
0.58637
0.83212
0.42702
0.34779
0.95649
0.87695
0.41373
0.17582
0.91338
0.25389
0.46013
0.72146
0.5002
0.20204
0.82016
0.66407
0.98232
0.96044
0.44499
0.11433
0.87212
0.58806
0.81574
0.43012
0.99977
0.54605
0.17169
0.47883
0.27721
0.84594
0.6111
0.44199
0.35251
0.26189
0.58637
0.83212
0.42702
0.34779
0.95649
0.87695
0.41373
0.17582
0.91338
0.25389
0.46013
0.72146
0.5002
0.20204
0.82016
0.66407
0.98232
0.96044
0.44499
0.11433
0.87212
0.58806
0.81574
0.43012
0.99977
0.54605
0.17169
0.47883
0.27721
0.84594
0.6111
0.44199
0.35251
0.26189
0.58637
0.83212
0.42702
0.34779
0.95649
0.87695
0.41373
0.17582
0.91338
0.25389
0.46013
0.72146
0.5002
0.20204
0.82016
0.66407
0.98232
0.96044
0.44499
0.11433
0.87212
0.58806
0.81574
0.43012
0.99977
0.54605
0.17169
0.47883
0.27721
0.84594
0.6111
0.44199
0.35251
0.26189
0.58637
0.83212
0.42702
0.34779
0.95649
0.87695
0.41373
0.17582
0.91338
0.25389
0.46013
0.72146
0.5002
0.20204
0.82016
0.66407
0.98232
0.96044
0.44499
0.11433
0.87212
0.58806
0.81574
0.43012
0.99977
0.54605
0.17169
0.47883
0.27721
0.84594
0.6111
0.44199
0.35251
0.26189
0.58637
0.83212
0.42702
0.34779
0.95649
0.87695
0.41373
0.17582
0.91338
0.25389
0.46013
0.72146
0.5002
0.20204
0.82016
0.66407
0.98232
0.96044
0.44499
0.11433
0.87212
0.58806
0.81574
0.43012
0.99977
0.54605
0.17169
0.47883
0.27721
0.84594
0.6111
0.44199
0.35251
0.26189
0.58637
0.83212
0.42702
0.34779
0.95649
0.87695
0.41373
0.17582
0.91338
0.25389
0.46013
0.72146
0.5002
0.20204
0.82016
0.66407
0.98232
0.96044
0.44499
0.11433
0.87212
0.58806
0.81574
0.43012
0.99977
0.54605
0.17169
0.47883
0.27721
0.84594
0.6111
0.44199
0.35251
0.26189
0.58637
0.83212
0.42702
0.34779
0.95649
0.87695
0.41373
0.17582
0.91338
0.25389
0.46013
0.72146
0.5002
0.20204
0.82016
0.66407
0.98232
0.96044
0.44499
0.11433
0.87212
0.58806
0.81574
0.43012
0.99977
0.54605
0.17169
0.47883
0.27721
0.84594
0.6111
0.44199
0.35251
0.26189
0.58637
0.83212
0.42702
0.34779
0.95649
0.87695
0.41373
0.17582
0.91338
0.25389
0.46013
0.72146
0.5002
0.20204
0.82016
0.66407
0.98232
0.96044
0.44499
0.11433
0.87212
0.58806
0.81574
0.43012
0.99977
0.54605
0.17169
0.47883
0.27721
0.84594
0.6111
0.44199
0.35251
0.26189
0.58637
0.83212
0.42702
0.34779
0.95649
0.87695
0.41373
0.17582
0.91338
0.25389
0.46013
0.72146
0.5002
0.20204
0.82016
0.66407
0.98232
0.96044
0.44499
0.11433
0.87212
0.58806
0.81574
0.43012
0.99977
0.54605
0.17169
0.47883
0.27721
0.84594
0.6111
0.44199
0.35251
0.26189
0.58637
0.83212
0.42702
0.34779
0.95649
0.87695
0.41373
0.17582
0.91338
0.25389
0.46013
0.72146
0.5002
0.20204
0.82016
0.66407
0.98232
0.96044
0.44499
0.11433
0.87212
0.58806
0.81574
0.43012
0.99977
0.54605
0.17169
0.47883
0.27721
0.84594
0.6111
0.44199
0.35251
0.26189
0.58637
0.83212
0.42702
0.34779
0.95649
0.87695
0.41373
0.17582
0.91338
0.25389
0.46013
0.72146
0.5002
0.20204
0.82016
0.66407
0.98232
0.96044
0.44499
0.11433
0.87212
0.58806
0.81574
0.43012
0.99977
0.54605
0.17169
0.47883
0.27721
0.84594
0.6111
0.44199
0.35251
0.26189
0.58637
0.83212
0.42702
0.34779
0.95649
0.87695
0.41373
0.17582
0.91338
0.25389
0.46013
0.72146
0.5002
0.20204
0.82016
0.66407
0.98232
0.96044
0.44499
0.11433
0.87212
0.58806
0.81574
0.43012
0.99977
0.54605
0.17169
0.47883
0.27721
0.84594
0.6111
0.44199
0.35251
0.26189
0.58637
0.83212
0.42702
0.34779
0.95649
0.87695
0.41373
0.17582
0.91338
0.25389
0.46013
0.72146
0.5002
0.20204
0.82016
0.66407
0.98232
0.96044
0.44499
0.11433
0.87212
0.58806
0.81574
0.43012
0.99977
0.54605
0.17169
0.47883
0.27721
0.84594
0.6111
0.44199
0.35251
0.26189
0.58637
0.83212
0.42702
0.34779
0.95649
0.87695
0.41373
0.17582
0.91338
0.25389
0.46013
0.72146
0.5002
0.20204
0.82016
0.66407
0.98232
0.96044
0.44499
0.11433
0.87212
0.58806
0.81574
0.43012
0.99977
0.54605
0.17169
0.47883
0.27721
0.84594
0.6111
0.44199
0.35251
0.26189
0.58637
0.83212
0.42702
0.34779
0.95649
0.87695
0.41373
0.17582
0.91338
0.25389
0.46013
0.72146
0.5002
0.20204
0.82016
0.66407
0.98232
0.96044
0.44499
0.11433
0.87212
0.58806
0.81574
0.43012
0.99977
0.54605
0.17169
0.47883
0.27721
0.84594
0.6111
0.44199
0.35251
0.26189
0.58637
0.83212
0.42702
0.34779
0.95649
0.87695
0.41373
0.17582
0.91338
0.25389
0.46013
0.72146
0.5002
0.20204
0.82016
0.66407
0.98232
0.96044
0.44499
0.11433
0.87212
0.58806
0.81574
0.43012
0.99977
0.54605
0.17169
0.47883
0.27721
0.84594
0.6111
0.44199
0.35251
0.26189
0.58637
0.83212
0.42702
0.34779
0.95649
0.87695
0.41373
0.17582
0.91338
0.25389
0.46013
0.72146
0.5002
0.20204
0.82016
0.66407
0.98232
0.96044
0.44499
0.11433
0.87212
0.58806
0.81574
0.43012
0.99977
0.54605
0.17169
0.47883
0.27721
0.84594
0.6111
0.44199
0.35251
0.26189
0.58637
0.83212
0.42702
0.34779
0.95649
0.87695
0.41373
0.17582
0.91338
0.25389
0.46013
0.72146
0.5002
0.20204
0.82016
0.66407
0.98232
0.96044
0.44499
0.11433
0.87212
0.58806
0.81574
0.43012
0.99977
0.54605
0.17169
0.47883
0.27721
0.84594
0.6111
0.44199
0.35251
0.26189
0.58637
0.83212
0.42702
0.34779
0.95649
0.87695
0.41373
0.17582
0.91338
0.25389
0.46013
0.72146
0.5002
0.20204
0.82016
0.66407
0.98232
0.96044
0.44499
0.11433
0.87212
0.58806
0.81574
0.43012
0.99977
0.54605
0.17169
0.47883
0.27721
0.84594
0.6111
0.44199
0.35251
0.26189
0.58637
0.83212
0.42702
0.34779
0.95649
0.87695
0.41373
0.17582
0.91338
0.25389
0.46013
0.72146
0.5002
0.20204
0.82016
0.66407
0.98232
0.96044
0.44499
0.11433
0.87212
0.58806
0.81574
0.43012
0.99977
0.54605
0.17169
0.47883
0.27721
0.84594
0.6111
0.44199
0.35251
0.26189
0.58637
0.83212
0.42702
0.34779
0.95649
0.87695
0.41373
0.17582
0.91338
0.25389
0.46013
0.72146
0.5002
0.20204
0.82016
0.66407
0.98232
0.96044
0.44499
0.11433
0.87212
0.58806
0.81574
0.43012
0.99977
0.54605
0.17169
0.47883
0.27721
0.84594
0.6111
0.44199
0.35251
0.26189
0.58637
0.83212
0.42702
0.34779
0.95649
0.87695
0.41373
0.17582
0.91338
0.25389
0.46013
0.72146
0.5002
0.20204
0.82016
0.66407
0.98232
0.96044
0.44499
0.11433
0.87212
0.58806
0.81574
0.43012
0.99977
0.54605
0.17169
0.47883
0.27721
0.84594
0.6111
0.44199
0.35251
0.26189
0.58637
0.83212
0.42702
0.34779
0.95649
0.87695
0.41373
0.17582
0.91338
0.25389
0.46013
0.72146
0.5002
0.20204
0.82016
0.66407
0.98232
0.96044
0.44499
0.11433
0.87212
0.58806
0.81574
0.43012
0.99977
0.54605
0.17169
0.47883
0.27721
0.84594
0.6111
0.44199
0.35251
0.26189
0.58637
0.83212
0.42702
0.34779
0.95649
0.87695
0.41373
0.17582
0.91338
0.25389
0.46013
0.72146
0.5002
0.20204
0.82016
0.66407
0.98232
0.96044
0.44499
0.11433
0.87212
0.58806
0.81574
0.43012
0.99977
0.54605
0.17169
0.47883
0.27721
0.84594
0.6111
0.44199
0.35251
0.26189
0.58637
0.83212
0.42702
0.34779
0.95649
0.87695
0.41373
0.17582
0.91338
0.25389
0.46013
0.72146
0.5002
0.20204
0.82016
0.66407
0.98232
0.96044
0.44499
0.11433
0.87212
0.58806
0.81574
0.43012
0.99977
0.54605
0.17169
0.47883
0.27721
0.84594
0.6111
0.44199
0.35251
0.26189
0.58637
0.83212
0.42702
0.34779
0.95649
0.87695
0.41373
0.17582
0.91338
0.25389
0.46013
0.72146
0.5002
0.20204
0.82016
0.66407
0.98232
0.96044
0.44499
0.11433
0.87212
0.58806
0.81574
0.43012
0.99977
0.54605
0.17169
0.47883
0.27721
0.84594
0.6111
0.44199
0.35251
0.26189
0.58637
0.83212
0.42702
0.34779
0.95649
0.87695
0.41373
0.17582
0.91338
0.25389
0.46013
0.72146
0.5002
0.20204
0.82016
0.66407
0.98232
0.96044
0.44499
0.11433
0.87212
0.58806
0.81574
0.43012
0.99977
0.54605
0.17169
0.47883
0.27721
0.84594
0.6111
0.44199
0.35251
0.26189
0.58637
0.83212
0.42702
0.34779
0.95649
0.87695
0.41373
0.17582
0.91338
0.25389
0.46013
0.72146
0.5002
0.20204
0.82016
0.66407
0.98232
0.96044
0.44499
0.11433
0.87212
0.58806
0.81574
0.43012
0.99977
0.54605
0.17169
0.47883
0.27721
0.84594
0.6111
0.44199
0.35251
0.26189
0.58637
0.83212
0.42702
0.34779
0.95649
0.87695
0.41373
0.17582
0.91338
0.25389
0.46013
0.72146
0.5002
0.20204
0.82016
0.66407
0.98232
0.96044
0.44499
0.11433
0.87212
0.58806
0.81574
0.43012
0.99977
0.54605
0.17169
0.47883
0.27721
0.84594
0.6111
0.44199
0.35251
0.26189
0.58637
0.83212
0.42702
0.34779
0.95649
0.87695
0.41373
0.17582
0.91338
0.25389
0.46013
0.72146
0.5002
0.20204
0.82016
0.66407
0.98232
0.96044
0.44499
0.11433
0.87212
0.58806
0.81574
0.43012
0.99977
0.54605
0.17169
0.47883
0.27721
0.84594
0.6111
0.44199
0.35251
0.26189
0.58637
0.83212
0.42702
0.34779
0.95649
0.87695
0.41373
0.17582
0.91338
0.25389
0.46013
0.72146
0.5002
0.20204
0.82016
0.66407
0.98232
0.96044
0.44499
0.11433
0.87212
0.58806
0.81574
0.43012
0.99977
0.54605
0.17169
0.47883
0.27721
0.84594
0.6111
0.44199
0.35251
0.26189
0.58637
0.83212
0.42702
0.34779
0.95649
0.87695
0.41373
0.17582
0.91338
0.25389
0.46013
0.72146
0.5002
0.20204
0.82016
0.66407
0.98232
0.96044
0.44499
0.11433
0.87212
0.58806
0.81574
0.43012
0.99977
0.54605
0.17169
0.47883
0.27721
0.84594
0.6111
0.44199
0.35251
0.26189
0.58637
0.83212
0.42702
0.34779
0.95649
0.87695
0.41373
0.17582
0.91338
0.25389
0.46013
0.72146
0.5002
0.20204
0.82016
0.66407
0.98232
0.96044
0.44499
0.11433
0.87212
0.58806
0.81574
0.43012
0.99977
0.54605
0.17169
0.47883
0.27721
0.84594
0.6111
0.44199
0.35251
0.26189
0.58637
0.83212
0.42702
0.34779
0.95649
0.87695
0.41373
0.17582
0.91338
0.25389
0.46013
0.72146
0.5002
0.20204
0.82016
0.66407
0.98232
0.96044
0.44499
0.11433
0.87212
0.58806
0.81574
0.43012
0.99977
0.54605
0.17169
0.47883
0.27721
0.84594
0.6111
0.44199
0.35251
0.26189
0.58637
0.83212
0.42702
0.34779
0.95649
0.87695
0.41373
0.17582
0.91338
0.25389
0.46013
0.72146
0.5002
0.20204
0.82016
0.66407
0.98232
0.96044
0.44499
0.11433
0.87212
0.58806
0.81574
0.43012
0.99977
0.54605
0.17169
0.47883
0.27721
0.84594
0.6111
0.44199
0.35251
0.26189
0.58637
0.83212
0.42702
0.34779
0.95649
0.87695
0.41373
0.17582
0.91338
0.25389
0.46013
0.72146
0.5002
0.20204
0.82016
0.66407
0.98232
0.96044
0.44499
0.11433
0.87212
0.58806
0.81574
0.43012
0.99977
0.54605
0.17169
0.47883
0.27721
0.84594
0.6111
0.44199
0.35251
0.26189
0.58637
0.83212
0.42702
0.34779
0.95649
0.87695
0.41373
0.17582
0.91338
0.25389
0.46013
0.72146
0.5002
0.20204
0.82016
0.66407
0.98232
0.96044
0.44499
0.11433
0.87212
0.58806
0.81574
0.43012
0.99977
0.54605
0.17169
0.47883
0.27721
0.84594
0.6111
0.44199
0.35251
0.26189
0.58637
0.83212
0.42702
0.34779
0.95649
0.87695
0.41373
0.17582
0.91338
0.25389
0.46013
0.72146
0.5002
0.20204
0.82016
0.66407
0.98232
0.96044
0.44499
0.11433
0.87212
0.58806
0.81574
0.43012
0.99977
0.54605
0.17169
0.47883
0.27721
0.84594
0.6111
0.44199
0.35251
0.26189
0.58637
0.83212
0.42702
0.34779
0.95649
0.87695
0.41373
0.17582
0.91338
0.25389
0.46013
0.72146
0.5002
0.20204
0.82016
0.66407
0.98232
0.96044
0.44499
0.11433
0.87212
0.58806
0.81574
0.43012
0.99977
0.54605
0.17169
0.47883
0.27721
0.84594
0.6111
0.44199
0.35251
0.26189
0.58637
0.83212
0.42702
0.34779
0.95649
0.87695
0.41373
0.17582
0.91338
0.25389
0.46013
0.72146
0.5002
0.20204
0.82016
0.66407
0.98232
0.96044
0.44499
0.11433
0.87212
0.58806
0.81574
0.43012
0.99977
0.54605
0.17169
0.47883
0.27721
0.84594
0.6111
0.44199
0.35251
0.26189
0.58637
0.83212
0.42702
0.34779
0.95649
0.87695
0.41373
0.17582
0.91338
0.25389
0.46013
0.72146
0.5002
0.20204
0.82016
0.66407
0.98232
0.96044
0.44499
0.11433
0.87212
0.58806
0.81574
0.43012
0.99977
0.54605
0.17169
0.47883
0.27721
0.84594
0.6111
0.44199
0.35251
0.26189
0.58637
0.83212
0.42702
0.34779
0.95649
0.87695
0.41373
0.17582
0.91338
0.25389
0.46013
0.72146
0.5002
0.20204
0.82016
0.66407
0.98232
0.96044
0.44499
0.11433
0.87212
0.58806
0.81574
0.43012
0.99977
0.54605
0.17169
0.47883
0.27721
0.84594
0.6111
0.44199
0.35251
0.26189
0.58637
0.83212
0.42702
0.34779
0.95649
0.87695
0.41373
0.17582
0.91338
0.25389
0.46013
0.72146
0.5002
0.20204
0.82016
0.66407
0.98232
0.96044
0.44499
0.11433
0.87212
0.58806
0.81574
0.43012
0.99977
0.54605
0.17169
0.47883
0.27721
0.84594
0.6111
0.44199
0.35251
0.26189
0.58637
0.83212
0.42702
0.34779
0.95649
0.87695
0.41373
0.17582
0.91338
0.25389
0.46013
0.72146
0.5002
0.20204
0.82016
0.66407
0.98232
0.96044
0.44499
0.11433
0.87212
0.58806
0.81574
0.43012
0.99977
0.54605
0.17169
0.47883
0.27721
0.84594
0.6111
0.44199
0.35251
0.26189
0.58637
0.83212
0.42702
0.34779
0.95649
0.87695
0.41373
0.17582
0.91338
0.25389
0.46013
0.72146
0.5002
0.20204
0.82016
0.66407
0.98232
0.96044
0.44499
0.11433
0.87212
0.58806
0.81574
0.43012
0.99977
0.54605
0.17169
0.47883
0.27721
0.84594
0.6111
0.44199
0.35251
0.26189
0.58637
0.83212
0.42702
0.34779
0.95649
0.87695
0.41373
0.17582
0.91338
0.25389
0.46013
0.72146
0.5002
0.20204
0.82016
0.66407
0.98232
0.96044
0.44499
0.11433
0.87212
0.58806
0.81574
0.43012
0.99977
0.54605
0.17169
0.47883
0.27721
0.84594
0.6111
0.44199
0.35251
0.26189
0.58637
0.83212
0.42702
0.34779
0.95649
0.87695
0.41373
0.17582
0.91338
0.25389
0.46013
0.72146
0.5002
0.20204
0.82016
0.66407
0.98232
0.96044
0.44499
0.11433
0.87212
0.58806
0.81574
0.43012
0.99977
0.54605
0.17169
0.47883
0.27721
0.84594
0.6111
0.44199
0.35251
0.26189
0.58637
0.83212
0.42702
0.34779
0.95649
0.87695
0.41373
0.17582
0.91338
0.25389
0.46013
0.72146
0.5002
0.20204
0.82016
0.66407
0.98232
0.96044
0.44499
0.11433
0.87212
0.58806
0.81574
0.43012
0.99977
0.54605
0.17169
0.47883
0.27721
0.84594
0.6111
0.44199
0.35251
0.26189
0.58637
0.83212
0.42702
0.34779
0.95649
0.87695
0.41373
0.17582
0.91338
0.25389
0.46013
0.72146
0.5002
0.20204
0.82016
0.66407
0.98232
0.96044
0.44499
0.11433
0.87212
0.58806
0.81574
0.43012
0.99977
0.54605
0.17169
0.47883
0.27721
0.84594
0.6111
0.44199
0.35251
0.26189
0.58637
0.83212
0.42702
0.34779
0.95649
0.87695
0.41373
0.17582
0.91338
0.25389
0.46013
0.72146
0.5002
0.20204
0.82016
0.66407
0.98232
0.96044
0.44499
0.11433
0.87212
0.58806
0.81574
0.43012
0.99977
0.54605
0.17169
0.47883
0.27721
0.84594
0.6111
0.44199
0.35251
0.26189
0.58637
0.83212
0.42702
0.34779
0.95649
0.87695
0.41373
0.17582
0.91338
0.25389
0.46013
0.72146
0.5002
0.20204
0.82016
0.66407
0.98232
0.96044
0.44499
0.11433
0.87212
0.58806
0.81574
0.43012
0.99977
0.54605
0.17169
0.47883
0.27721
0.84594
0.6111
0.44199
0.35251
0.26189
0.58637
0.83212
0.42702
0.34779
0.95649
0.87695
0.41373
0.17582
0.91338
0.25389
0.46013
0.72146
0.5002
0.20204
0.82016
0.66407
0.98232
0.96044
0.44499
0.11433
0.87212
0.58806
0.81574
0.43012
0.99977
0.54605
0.17169
0.47883
0.27721
0.84594
0.6111
0.44199
0.35251
0.26189
0.58637
0.83212
0.42702
0.34779
0.95649
0.87695
0.41373
0.17582
0.91338
0.25389
0.46013
0.72146
0.5002
0.20204
0.82016
0.66407
0.98232
0.96044
0.44499
0.11433
0.87212
0.58806
0.81574
0.43012
0.99977
0.54605
0.17169
0.47883
0.27721
0.84594
0.6111
0.44199
0.35251
0.26189
0.58637
0.83212
0.42702
0.34779
0.95649
0.87695
0.41373
0.17582
0.91338
0.25389
0.46013
0.72146
0.5002
0.20204
0.82016
0.66407
0.98232
0.96044
0.44499
0.11433
0.87212
0.58806
0.81574
0.43012
0.99977
0.54605
0.17169
0.47883
0.27721
0.84594
0.6111
0.44199
0.35251
0.26189
0.58637
0.83212
0.42702
0.34779
0.95649
0.87695
0.41373
0.17582
0.91338
0.25389
0.46013
0.72146
0.5002
0.20204
0.82016
0.66407
0.98232
0.96044
0.44499
0.11433
0.87212
0.58806
0.81574
0.43012
0.99977
0.54605
0.17169
0.47883
0.27721
0.84594
0.6111
0.44199
0.35251
0.26189
0.58637
0.83212
0.42702
0.34779
0.95649
0.87695
0.41373
0.17582
0.91338
0.25389
0.46013
0.72146
0.5002
0.20204
0.82016
0.66407
0.98232
0.96044
0.44499
0.11433
0.87212
0.58806
0.81574
0.43012
0.99977
0.54605
0.17169
0.47883
0.27721
0.84594
0.6111
0.44199
0.35251
0.26189
0.58637
0.83212
0.42702
0.34779
0.95649
0.87695
0.41373
0.17582
0.91338
0.25389
0.46013
0.72146
0.5002
0.20204
0.82016
0.66407
0.98232
0.96044
0.44499
0.11433
0.87212
0.58806
0.81574
0.43012
0.99977
0.54605
0.17169
0.47883
0.27721
0.84594
0.6111
0.44199
0.35251
0.26189
0.58637
0.83212
0.42702
0.34779
0.95649
0.87695
0.41373
0.17582
0.91338
0.25389
0.46013
0.72146
0.5002
0.20204
0.82016
0.66407
0.98232
0.96044
0.44499
0.11433
0.87212
0.58806
0.81574
0.43012
0.99977
0.54605
0.17169
0.47883
0.27721
0.84594
0.6111
0.44199
0.35251
0.26189
0.58637
0.83212
0.42702
0.34779
0.95649
0.87695
0.41373
0.17582
0.91338
0.25389
0.46013
0.72146
0.5002
0.20204
0.82016
0.66407
0.98232
0.96044
0.44499
0.11433
0.87212
0.58806
0.81574
0.43012
0.99977
0.54605
0.17169
0.47883
0.27721
0.84594
0.6111
0.44199
0.35251
0.26189
0.58637
0.83212
0.42702
0.34779
0.95649
0.87695
0.41373
0.17582
0.91338
0.25389
0.46013
0.72146
0.5002
0.20204
0.82016
0.66407
0.98232
0.96044
0.44499
0.11433
0.87212
0.58806
0.81574
0.43012
0.99977
0.54605
0.17169
0.47883
0.27721
0.84594
0.6111
0.44199
0.35251
0.26189
0.58637
0.83212
0.42702
0.34779
0.95649
0.87695
0.41373
0.17582
0.91338
0.25389
0.46013
0.72146
0.5002
0.20204
0.82016
0.66407
0.98232
0.96044
0.44499
0.11433
0.87212
0.58806
0.81574
0.43012
0.99977
0.54605
0.17169
0.47883
0.27721
0.84594
0.6111
0.44199
0.35251
0.26189
0.58637
0.83212
0.42702
0.34779
0.95649
0.87695
0.41373
0.17582
0.91338
0.25389
0.46013
0.72146
0.5002
0.20204
0.82016
0.66407
0.98232
0.96044
0.44499
0.11433
0.87212
0.58806
0.81574
0.43012
0.99977
0.54605
0.17169
0.47883
0.27721
0.84594
0.6111
0.44199
0.35251
0.26189
0.58637
0.83212
0.42702
0.34779
0.95649
0.87695
0.41373
0.17582
0.91338
0.25389
0.46013
0.72146
0.5002
0.20204
0.82016
0.66407
0.98232
0.96044
0.44499
0.11433
0.87212
0.58806
0.81574
0.43012
0.99977
0.54605
0.17169
0.47883
0.27721
0.84594
0.6111
0.44199
0.35251
0.26189
0.58637
0.83212
0.42702
0.34779
0.95649
0.87695
0.41373
0.17582
0.91338
0.25389
0.46013
0.72146
0.5002
0.20204
0.82016
0.66407
0.98232
0.96044
0.44499
0.11433
0.87212
0.58806
0.81574
0.43012
0.99977
0.54605
0.17169
0.47883
0.27721
0.84594
0.6111
0.44199
0.35251
0.26189
0.58637
0.83212
0.42702
0.34779
0.95649
0.87695
0.41373
0.17582
0.91338
0.25389
0.46013
0.72146
0.5002
0.20204
0.82016
0.66407
0.98232
0.96044
0.44499
0.11433
0.87212
0.58806
0.81574
0.43012
0.99977
0.54605
0.17169
0.47883
0.27721
0.84594
0.6111
0.44199
0.35251
0.26189
0.58637
0.83212
0.42702
0.34779
0.95649
0.87695
0.41373
0.17582
0.91338
0.25389
0.46013
0.72146
0.5002
0.20204
0.82016
0.66407
0.98232
0.96044
0.44499
0.11433
0.87212
0.58806
0.81574
0.43012
0.99977
0.54605
0.17169
0.47883
0.27721
0.84594
0.6111
0.44199
0.35251
0.26189
0.58637
0.83212
0.42702
0.34779
0.95649
0.87695
0.41373
0.17582
0.91338
0.25389
0.46013
0.72146
0.5002
0.20204
0.82016
0.66407
0.98232
0.96044
0.44499
0.11433
0.87212
0.58806
0.81574
