0.32273
0.15594
0.31822
0.26333
0.34321
0.79654
0.4696
0.52322
0.75917
0.33605
0.93095
0.66045
0.19949
0.79466
0.49087
0.95532
0.6363
0.88023
0.81366
0.28962
0.88206
0.33318
0.23275
0.17023
0.97996
0.3118
0.22049
0.61452
0.63114
0.34149
0.61269
0.38659
0.44796
0.66995
0.83702
0.60583
0.70923
0.19382
0.56619
0.57338
0.76462
0.64986
0.31932
0.96462
0.49753
0.53809
0.54192
0.68162
0.60719
0.67605
0.89133
0.46204
0.47911
0.54927
0.69314
0.44029
0.85264
0.99838
0.76262
0.59537
0.45948
0.12463
0.53189
0.90591
0.6693
0.96784
0.72201
0.29555
0.35098
0.18977
0.68565
0.11455
0.12193
0.86717
0.98034
0.64885
0.24305
0.93679
0.57925
0.53172
0.72722
0.85038
0.14955
0.36371
0.28278
0.96509
0.4045
0.61863
0.70555
0.80221
0.5457
0.78521
0.5626
0.51426
0.46232
0.73886
0.90967
0.49223
0.29136
0.8889
0.14499
0.89212
0.87274
0.67685
0.12998
0.89558
0.30592
0.5846
0.75599
0.52088
0.31597
0.83957
0.87443
0.62083
0.42865
0.73825
0.32309
0.38715
0.88357
0.70125
0.74595
0.44439
0.47892
0.36053
0.98549
0.18266
0.36321
0.92441
0.532
0.63276
0.38016
0.51782
0.14169
0.4844
0.64724
0.91314
0.83379
0.20743
0.13761
0.93541
0.99374
0.51521
0.4434
0.60711
0.57891
0.13563
0.3955
0.41709
0.96073
0.93648
0.133
0.6898
0.82128
0.50084
0.8387
0.42104
0.27805
0.31125
0.87407
0.69884
0.38154
0.57125
0.32085
0.94472
0.49966
0.65712
0.80275
0.40917
0.41845
0.10208
0.41951
0.9878
0.75082
0.72316
0.96617
0.48447
0.70924
0.26604
0.77515
0.86217
0.34228
0.15628
0.42406
0.82943
0.94915
0.88192
0.7917
0.79681
0.90139
0.51295
0.1136
0.90451
0.12929
0.7172
0.37154
0.54765
0.92381
0.42122
0.42629
0.72146
0.50165
0.64771
0.52306
0.59386
0.66376
0.57866
0.85318
0.91953
0.52623
0.91275
0.11256
0.6702
0.17206
0.60499
0.96279
0.95496
0.94096
0.4076
0.1402
0.65744
0.22998
0.89218
0.98515
0.52446
0.58795
0.68285
0.28412
0.72531
0.75448
0.24007
0.6336
0.45403
0.14142
0.75216
0.74316
0.28827
0.10017
0.67771
0.29762
0.57826
0.38347
0.23705
0.19175
0.7696
0.278
0.28567
0.60621
0.48571
0.91809
0.88741
0.49828
0.28495
0.19707
0.83737
0.19354
0.45812
0.8721
0.56015
0.7725
0.76089
0.94598
0.88384
0.16607
0.58057
0.61282
0.54713
0.34686
0.31117
0.82366
0.41085
0.80019
0.29923
0.54099
0.66585
0.35889
0.79844
0.51122
0.34998
0.4846
0.83716
0.83686
0.34303
0.66821
0.50193
0.93473
0.71643
0.27624
0.31019
0.22094
0.8136
0.94333
0.87526
0.88403
0.51611
0.37263
0.85163
0.26684
0.20519
0.10129
0.26047
0.8467
0.90766
0.85212
0.1102
0.1436
0.62067
0.23373
0.63018
0.12683
0.77086
0.21897
0.94874
0.18
0.4018
0.44324
0.4617
0.16412
0.93505
0.31102
0.73468
0.76058
0.48041
0.79857
0.71724
0.43178
0.43656
0.58376
0.77574
0.76789
0.65966
0.15
0.4988
0.80144
0.30607
0.68068
0.32662
0.68258
0.92092
0.25346
0.24197
0.54996
0.4604
0.96908
0.11605
0.46667
0.78462
0.63168
0.21868
0.81876
0.35975
0.42006
0.45208
0.37904
0.6698
0.63874
0.98623
0.65356
0.13675
0.70111
0.55383
0.72656
0.89089
0.67786
0.4996
0.60216
0.59426
0.14019
0.65408
0.81672
0.93328
0.65788
0.81004
0.16642
0.69595
0.34501
0.68593
0.50271
0.71533
0.7013
0.82169
0.17446
0.43489
0.13366
0.86526
0.67833
0.12887
0.60877
0.59483
0.81678
0.12957
0.78787
0.73283
0.41648
0.45476
0.80393
0.30184
0.10557
0.14587
0.27776
0.1534
0.53003
0.92756
0.36755
0.50715
0.20214
0.85896
0.81572
0.39422
0.41256
0.2074
0.38937
0.60822
0.92914
0.29185
0.17525
0.71432
0.24592
0.47615
0.72263
0.19556
0.24449
0.7778
0.98062
0.61166
0.12918
0.68695
0.90717
0.96104
0.59211
0.60017
0.20763
0.1098
0.3534
0.88803
0.59018
0.30771
0.68544
0.83348
0.68391
0.73152
0.12151
0.76468
0.7355
0.96319
0.73883
0.86681
0.36478
0.48015
0.54882
0.20778
0.17336
0.20342
0.37888
0.55157
0.22836
0.14875
0.12537
0.71814
0.72219
0.55406
0.9847
0.63212
0.57569
0.42358
0.42086
0.12566
0.79144
0.37727
0.33492
0.16873
0.4688
0.77344
0.20943
0.86218
0.35608
0.79012
0.28487
0.15263
0.29469
0.84514
0.26669
0.12356
0.26609
0.80123
0.96471
0.65574
0.99101
0.10677
0.39898
0.18344
0.6517
0.71419
0.17308
0.95634
0.5862
0.62458
0.1762
0.83767
0.69773
0.82715
0.18043
0.55534
0.40807
0.52031
0.72041
0.99633
0.67546
0.24756
0.28694
0.33629
0.88806
0.64168
0.75707
0.15801
0.96811
0.2331
0.33514
0.32083
0.93189
0.41524
0.42758
0.8238
0.64809
0.41408
0.46059
0.14315
0.49135
0.42384
0.6395
0.95641
0.72583
0.82338
0.95792
0.60498
0.99838
0.76262
0.59537
0.45948
0.12463
0.53189
0.90591
0.6693
0.96784
0.72201
0.29555
0.35098
0.18977
0.68565
0.11455
0.12193
0.86717
0.98034
0.64885
0.24305
0.93679
0.57925
0.53172
0.72722
0.85038
0.14955
0.36371
0.28278
0.96509
0.4045
0.61863
0.70555
0.80221
0.5457
0.78521
0.5626
0.51426
0.46232
0.73886
0.90967
0.49223
0.29136
0.8889
0.14499
0.89212
0.87274
0.67685
0.12998
0.89558
0.30592
0.5846
0.75599
0.52088
0.31597
0.83957
0.87443
0.62083
0.42865
0.73825
0.32309
0.38715
0.88357
0.70125
0.74595
0.44439
0.47892
0.36053
0.98549
0.18266
0.36321
0.92441
0.532
0.63276
0.38016
0.51782
0.14169
0.4844
0.64724
0.91314
0.83379
0.20743
0.13761
0.93541
0.99374
0.51521
0.4434
0.60711
0.57891
0.13563
0.3955
0.41709
0.96073
0.93648
0.133
0.6898
0.82128
0.50084
0.8387
0.42104
0.27805
0.31125
0.87407
0.69884
0.38154
0.57125
0.32085
0.94472
0.49966
0.65712
0.80275
0.40917
0.41845
0.10208
0.41951
0.9878
0.75082
0.72316
0.96617
0.48447
0.70924
0.26604
0.77515
0.86217
0.34228
0.15628
0.42406
0.82943
0.94915
0.88192
0.7917
0.79681
0.90139
0.51295
0.1136
0.90451
0.12929
0.7172
0.37154
0.54765
0.92381
0.42122
0.42629
0.72146
0.50165
0.64771
0.52306
0.59386
0.66376
0.57866
0.85318
0.91953
0.52623
0.91275
0.11256
0.6702
0.17206
0.60499
0.96279
0.95496
0.94096
0.4076
0.1402
0.65744
0.22998
0.89218
0.98515
0.52446
0.58795
0.68285
0.28412
0.72531
0.75448
0.24007
0.6336
0.45403
0.14142
0.75216
0.74316
0.28827
0.10017
0.67771
0.29762
0.57826
0.38347
0.23705
0.19175
0.7696
0.278
0.28567
0.60621
0.48571
0.91809
0.88741
0.49828
0.28495
0.19707
0.83737
0.19354
0.45812
0.8721
0.56015
0.7725
0.76089
0.94598
0.88384
0.16607
0.58057
0.61282
0.54713
0.34686
0.31117
0.82366
0.41085
0.80019
0.29923
0.54099
0.66585
0.35889
0.79844
0.51122
0.34998
0.4846
0.83716
0.83686
0.34303
0.66821
0.50193
0.93473
0.71643
0.27624
0.31019
0.22094
0.8136
0.94333
0.87526
0.88403
0.51611
0.37263
0.85163
0.26684
0.20519
0.10129
0.26047
0.8467
0.90766
0.85212
0.1102
0.1436
0.62067
0.23373
0.63018
0.12683
0.77086
0.21897
0.94874
0.18
0.4018
0.44324
0.4617
0.16412
0.93505
0.31102
0.73468
0.76058
0.48041
0.79857
0.71724
0.43178
0.43656
0.58376
0.77574
0.76789
0.65966
0.15
0.4988
0.80144
0.30607
0.68068
0.32662
0.68258
0.92092
0.25346
0.24197
0.54996
0.4604
0.96908
0.11605
0.46667
0.78462
0.63168
0.21868
0.81876
0.35975
0.42006
0.45208
0.37904
0.6698
0.63874
0.98623
0.65356
0.13675
0.70111
0.55383
0.72656
0.89089
0.67786
0.4996
0.60216
0.59426
0.14019
0.65408
0.81672
0.93328
0.65788
0.81004
0.16642
0.69595
0.34501
0.68593
0.50271
0.71533
0.7013
0.82169
0.17446
0.43489
0.13366
0.86526
0.67833
0.12887
0.60877
0.59483
0.81678
0.12957
0.78787
0.73283
0.41648
0.45476
0.80393
0.30184
0.10557
0.14587
0.27776
0.1534
0.53003
0.92756
0.36755
0.50715
0.20214
0.85896
0.81572
0.39422
0.41256
0.2074
0.38937
0.60822
0.92914
0.29185
0.17525
0.71432
0.24592
0.47615
0.72263
0.19556
0.24449
0.7778
0.98062
0.61166
0.12918
0.68695
0.90717
0.96104
0.59211
0.60017
0.20763
0.1098
0.3534
0.88803
0.59018
0.30771
0.68544
0.83348
0.68391
0.73152
0.12151
0.76468
0.7355
0.96319
0.73883
0.86681
0.36478
0.48015
0.54882
0.20778
0.17336
0.20342
0.37888
0.55157
0.22836
0.14875
0.12537
0.71814
0.72219
0.55406
0.9847
0.63212
0.57569
0.42358
0.42086
0.12566
0.79144
0.37727
0.33492
0.16873
0.4688
0.77344
0.20943
0.86218
0.35608
0.79012
0.28487
0.15263
0.29469
0.84514
0.26669
0.12356
0.26609
0.80123
0.96471
0.65574
0.99101
0.10677
0.39898
0.18344
0.6517
0.71419
0.17308
0.95634
0.5862
0.62458
0.1762
0.83767
0.69773
0.82715
0.18043
0.55534
0.40807
0.52031
0.72041
0.99633
0.67546
0.24756
0.28694
0.33629
0.88806
0.64168
0.75707
0.15801
0.96811
0.2331
0.33514
0.32083
0.93189
0.41524
0.42758
0.8238
0.64809
0.41408
0.46059
0.14315
0.49135
0.42384
0.6395
0.95641
0.72583
0.82338
0.95792
0.60498
0.99838
0.76262
0.59537
0.45948
0.12463
0.53189
0.90591
0.6693
0.96784
0.72201
0.29555
0.35098
0.18977
0.68565
0.11455
0.12193
0.86717
0.98034
0.64885
0.24305
0.93679
0.57925
0.53172
0.72722
0.85038
0.14955
0.36371
0.28278
0.96509
0.4045
0.61863
0.70555
0.80221
0.5457
0.78521
0.5626
0.51426
0.46232
0.73886
0.90967
0.49223
0.29136
0.8889
0.14499
0.89212
0.87274
0.67685
0.12998
0.89558
0.30592
0.5846
0.75599
0.52088
0.31597
0.83957
0.87443
0.62083
0.42865
0.73825
0.32309
0.38715
0.88357
0.70125
0.74595
0.44439
0.47892
0.36053
0.98549
0.18266
0.36321
0.92441
0.532
0.63276
0.38016
0.51782
0.14169
0.4844
0.64724
0.91314
0.83379
0.20743
0.13761
0.93541
0.99374
0.51521
0.4434
0.60711
0.57891
0.13563
0.3955
0.41709
0.96073
0.93648
0.133
0.6898
0.82128
0.50084
0.8387
0.42104
0.27805
0.31125
0.87407
0.69884
0.38154
0.57125
0.32085
0.94472
0.49966
0.65712
0.80275
0.40917
0.41845
0.10208
0.41951
0.9878
0.75082
0.72316
0.96617
0.48447
0.70924
0.26604
0.77515
0.86217
0.34228
0.15628
0.42406
0.82943
0.94915
0.88192
0.7917
0.79681
0.90139
0.51295
0.1136
0.90451
0.12929
0.7172
0.37154
0.54765
0.92381
0.42122
0.42629
0.72146
0.50165
0.64771
0.52306
0.59386
0.66376
0.57866
0.85318
0.91953
0.52623
0.91275
0.11256
0.6702
0.17206
0.60499
0.96279
0.95496
0.94096
0.4076
0.1402
0.65744
0.22998
0.89218
0.98515
0.52446
0.58795
0.68285
0.28412
0.72531
0.75448
0.24007
0.6336
0.45403
0.14142
0.75216
0.74316
0.28827
0.10017
0.67771
0.29762
0.57826
0.38347
0.23705
0.19175
0.7696
0.278
0.28567
0.60621
0.48571
0.91809
0.88741
0.49828
0.28495
0.19707
0.83737
0.19354
0.45812
0.8721
0.56015
0.7725
0.76089
0.94598
0.88384
0.16607
0.58057
0.61282
0.54713
0.34686
0.31117
0.82366
0.41085
0.80019
0.29923
0.54099
0.66585
0.35889
0.79844
0.51122
0.34998
0.4846
0.83716
0.83686
0.34303
0.66821
0.50193
0.93473
0.71643
0.27624
0.31019
0.22094
0.8136
0.94333
0.87526
0.88403
0.51611
0.37263
0.85163
0.26684
0.20519
0.10129
0.26047
0.8467
0.90766
0.85212
0.1102
0.1436
0.62067
0.23373
0.63018
0.12683
0.77086
0.21897
0.94874
0.18
0.4018
0.44324
0.4617
0.16412
0.93505
0.31102
0.73468
0.76058
0.48041
0.79857
0.71724
0.43178
0.43656
0.58376
0.77574
0.76789
0.65966
0.15
0.4988
0.80144
0.30607
0.68068
0.32662
0.68258
0.92092
0.25346
0.24197
0.54996
0.4604
0.96908
0.11605
0.46667
0.78462
0.63168
0.21868
0.81876
0.35975
0.42006
0.45208
0.37904
0.6698
0.63874
0.98623
0.65356
0.13675
0.70111
0.55383
0.72656
0.89089
0.67786
0.4996
0.60216
0.59426
0.14019
0.65408
0.81672
0.93328
0.65788
0.81004
0.16642
0.69595
0.34501
0.68593
0.50271
0.71533
0.7013
0.82169
0.17446
0.43489
0.13366
0.86526
0.67833
0.12887
0.60877
0.59483
0.81678
0.12957
0.78787
0.73283
0.41648
0.45476
0.80393
0.30184
0.10557
0.14587
0.27776
0.1534
0.53003
0.92756
0.36755
0.50715
0.20214
0.85896
0.81572
0.39422
0.41256
0.2074
0.38937
0.60822
0.92914
0.29185
0.17525
0.71432
0.24592
0.47615
0.72263
0.19556
0.24449
0.7778
0.98062
0.61166
0.12918
0.68695
0.90717
0.96104
0.59211
0.60017
0.20763
0.1098
0.3534
0.88803
0.59018
0.30771
0.68544
0.83348
0.68391
0.73152
0.12151
0.76468
0.7355
0.96319
0.73883
0.86681
0.36478
0.48015
0.54882
0.20778
0.17336
0.20342
0.37888
0.55157
0.22836
0.14875
0.12537
0.71814
0.72219
0.55406
0.9847
0.63212
0.57569
0.42358
0.42086
0.12566
0.79144
0.37727
0.33492
0.16873
0.4688
0.77344
0.20943
0.86218
0.35608
0.79012
0.28487
0.15263
0.29469
0.84514
0.26669
0.12356
0.26609
0.80123
0.96471
0.65574
0.99101
0.10677
0.39898
0.18344
0.6517
0.71419
0.17308
0.95634
0.5862
0.62458
0.1762
0.83767
0.69773
0.82715
0.18043
0.55534
0.40807
0.52031
0.72041
0.99633
0.67546
0.24756
0.28694
0.33629
0.88806
0.64168
0.75707
0.15801
0.96811
0.2331
0.33514
0.32083
0.93189
0.41524
0.42758
0.8238
0.64809
0.41408
0.46059
0.14315
0.49135
0.42384
0.6395
0.95641
0.72583
0.82338
0.95792
0.60498
0.99838
0.76262
0.59537
0.45948
0.12463
0.53189
0.90591
0.6693
0.96784
0.72201
0.29555
0.35098
0.18977
0.68565
0.11455
0.12193
0.86717
0.98034
0.64885
0.24305
0.93679
0.57925
0.53172
0.72722
0.85038
0.14955
0.36371
0.28278
0.96509
0.4045
0.61863
0.70555
0.80221
0.5457
0.78521
0.5626
0.51426
0.46232
0.73886
0.90967
0.49223
0.29136
0.8889
0.14499
0.89212
0.87274
0.67685
0.12998
0.89558
0.30592
0.5846
0.75599
0.52088
0.31597
0.83957
0.87443
0.62083
0.42865
0.73825
0.32309
0.38715
0.88357
0.70125
0.74595
0.44439
0.47892
0.36053
0.98549
0.18266
0.36321
0.92441
0.532
0.63276
0.38016
0.51782
0.14169
0.4844
0.64724
0.91314
0.83379
0.20743
0.13761
0.93541
0.99374
0.51521
0.4434
0.60711
0.57891
0.13563
0.3955
0.41709
0.96073
0.93648
0.133
0.6898
0.82128
0.50084
0.8387
0.42104
0.27805
0.31125
0.87407
0.69884
0.38154
0.57125
0.32085
0.94472
0.49966
0.65712
0.80275
0.40917
0.41845
0.10208
0.41951
0.9878
0.75082
0.72316
0.96617
0.48447
0.70924
0.26604
0.77515
0.86217
0.34228
0.15628
0.42406
0.82943
0.94915
0.88192
0.7917
0.79681
0.90139
0.51295
0.1136
0.90451
0.12929
0.7172
0.37154
0.54765
0.92381
0.42122
0.42629
0.72146
0.50165
0.64771
0.52306
0.59386
0.66376
0.57866
0.85318
0.91953
0.52623
0.91275
0.11256
0.6702
0.17206
0.60499
0.96279
0.95496
0.94096
0.4076
0.1402
0.65744
0.22998
0.89218
0.98515
0.52446
0.58795
0.68285
0.28412
0.72531
0.75448
0.24007
0.6336
0.45403
0.14142
0.75216
0.74316
0.28827
0.10017
0.67771
0.29762
0.57826
0.38347
0.23705
0.19175
0.7696
0.278
0.28567
0.60621
0.48571
0.91809
0.88741
0.49828
0.28495
0.19707
0.83737
0.19354
0.45812
0.8721
0.56015
0.7725
0.76089
0.94598
0.88384
0.16607
0.58057
0.61282
0.54713
0.34686
0.31117
0.82366
0.41085
0.80019
0.29923
0.54099
0.66585
0.35889
0.79844
0.51122
0.34998
0.4846
0.83716
0.83686
0.34303
0.66821
0.50193
0.93473
0.71643
0.27624
0.31019
0.22094
0.8136
0.94333
0.87526
0.88403
0.51611
0.37263
0.85163
0.26684
0.20519
0.10129
0.26047
0.8467
0.90766
0.85212
0.1102
0.1436
0.62067
0.23373
0.63018
0.12683
0.77086
0.21897
0.94874
0.18
0.4018
0.44324
0.4617
0.16412
0.93505
0.31102
0.73468
0.76058
0.48041
0.79857
0.71724
0.43178
0.43656
0.58376
0.77574
0.76789
0.65966
0.15
0.4988
0.80144
0.30607
0.68068
0.32662
0.68258
0.92092
0.25346
0.24197
0.54996
0.4604
0.96908
0.11605
0.46667
0.78462
0.63168
0.21868
0.81876
0.35975
0.42006
0.45208
0.37904
0.6698
0.63874
0.98623
0.65356
0.13675
0.70111
0.55383
0.72656
0.89089
0.67786
0.4996
0.60216
0.59426
0.14019
0.65408
0.81672
0.93328
0.65788
0.81004
0.16642
0.69595
0.34501
0.68593
0.50271
0.71533
0.7013
0.82169
0.17446
0.43489
0.13366
0.86526
0.67833
0.12887
0.60877
0.59483
0.81678
0.12957
0.78787
0.73283
0.41648
0.45476
0.80393
0.30184
0.10557
0.14587
0.27776
0.1534
0.53003
0.92756
0.36755
0.50715
0.20214
0.85896
0.81572
0.39422
0.41256
0.2074
0.38937
0.60822
0.92914
0.29185
0.17525
0.71432
0.24592
0.47615
0.72263
0.19556
0.24449
0.7778
0.98062
0.61166
0.12918
0.68695
0.90717
0.96104
0.59211
0.60017
0.20763
0.1098
0.3534
0.88803
0.59018
0.30771
0.68544
0.83348
0.68391
0.73152
0.12151
0.76468
0.7355
0.96319
0.73883
0.86681
0.36478
0.48015
0.54882
0.20778
0.17336
0.20342
0.37888
0.55157
0.22836
0.14875
0.12537
0.71814
0.72219
0.55406
0.9847
0.63212
0.57569
0.42358
0.42086
0.12566
0.79144
0.37727
0.33492
0.16873
0.4688
0.77344
0.20943
0.86218
0.35608
0.79012
0.28487
0.15263
0.29469
0.84514
0.26669
0.12356
0.26609
0.80123
0.96471
0.65574
0.99101
0.10677
0.39898
0.18344
0.6517
0.71419
0.17308
0.95634
0.5862
0.62458
0.1762
0.83767
0.69773
0.82715
0.18043
0.55534
0.40807
0.52031
0.72041
0.99633
0.67546
0.24756
0.28694
0.33629
0.88806
0.64168
0.75707
0.15801
0.96811
0.2331
0.33514
0.32083
0.93189
0.41524
0.42758
0.8238
0.64809
0.41408
0.46059
0.14315
0.49135
0.42384
0.6395
0.95641
0.72583
0.82338
0.95792
0.60498
0.99838
0.76262
0.59537
0.45948
0.12463
0.53189
0.90591
0.6693
0.96784
0.72201
0.29555
0.35098
0.18977
0.68565
0.11455
0.12193
0.86717
0.98034
0.64885
0.24305
0.93679
0.57925
0.53172
0.72722
0.85038
0.14955
0.36371
0.28278
0.96509
0.4045
0.61863
0.70555
0.80221
0.5457
0.78521
0.5626
0.51426
0.46232
0.73886
0.90967
0.49223
0.29136
0.8889
0.14499
0.89212
0.87274
0.67685
0.12998
0.89558
0.30592
0.5846
0.75599
0.52088
0.31597
0.83957
0.87443
0.62083
0.42865
0.73825
0.32309
0.38715
0.88357
0.70125
0.74595
0.44439
0.47892
0.36053
0.98549
0.18266
0.36321
0.92441
0.532
0.63276
0.38016
0.51782
0.14169
0.4844
0.64724
0.91314
0.83379
0.20743
0.13761
0.93541
0.99374
0.51521
0.4434
0.60711
0.57891
0.13563
0.3955
0.41709
0.96073
0.93648
0.133
0.6898
0.82128
0.50084
0.8387
0.42104
0.27805
0.31125
0.87407
0.69884
0.38154
0.57125
0.32085
0.94472
0.49966
0.65712
0.80275
0.40917
0.41845
0.10208
0.41951
0.9878
0.75082
0.72316
0.96617
0.48447
0.70924
0.26604
0.77515
0.86217
0.34228
0.15628
0.42406
0.82943
0.94915
0.88192
0.7917
0.79681
0.90139
0.51295
0.1136
0.90451
0.12929
0.7172
0.37154
0.54765
0.92381
0.42122
0.42629
0.72146
0.50165
0.64771
0.52306
0.59386
0.66376
0.57866
0.85318
0.91953
0.52623
0.91275
0.11256
0.6702
0.17206
0.60499
0.96279
0.95496
0.94096
0.4076
0.1402
0.65744
0.22998
0.89218
0.98515
0.52446
0.58795
0.68285
0.28412
0.72531
0.75448
0.24007
0.6336
0.45403
0.14142
0.75216
0.74316
0.28827
0.10017
0.67771
0.29762
0.57826
0.38347
0.23705
0.19175
0.7696
0.278
0.28567
0.60621
0.48571
0.91809
0.88741
0.49828
0.28495
0.19707
0.83737
0.19354
0.45812
0.8721
0.56015
0.7725
0.76089
0.94598
0.88384
0.16607
0.58057
0.61282
0.54713
0.34686
0.31117
0.82366
0.41085
0.80019
0.29923
0.54099
0.66585
0.35889
0.79844
0.51122
0.34998
0.4846
0.83716
0.83686
0.34303
0.66821
0.50193
0.93473
0.71643
0.27624
0.31019
0.22094
0.8136
0.94333
0.87526
0.88403
0.51611
0.37263
0.85163
0.26684
0.20519
0.10129
0.26047
0.8467
0.90766
0.85212
0.1102
0.1436
0.62067
0.23373
0.63018
0.12683
0.77086
0.21897
0.94874
0.18
0.4018
0.44324
0.4617
0.16412
0.93505
0.31102
0.73468
0.76058
0.48041
0.79857
0.71724
0.43178
0.43656
0.58376
0.77574
0.76789
0.65966
0.15
0.4988
0.80144
0.30607
0.68068
0.32662
0.68258
0.92092
0.25346
0.24197
0.54996
0.4604
0.96908
0.11605
0.46667
0.78462
0.63168
0.21868
0.81876
0.35975
0.42006
0.45208
0.37904
0.6698
0.63874
0.98623
0.65356
0.13675
0.70111
0.55383
0.72656
0.89089
0.67786
0.4996
0.60216
0.59426
0.14019
0.65408
0.81672
0.93328
0.65788
0.81004
0.16642
0.69595
0.34501
0.68593
0.50271
0.71533
0.7013
0.82169
0.17446
0.43489
0.13366
0.86526
0.67833
0.12887
0.60877
0.59483
0.81678
0.12957
0.78787
0.73283
0.41648
0.45476
0.80393
0.30184
0.10557
0.14587
0.27776
0.1534
0.53003
0.92756
0.36755
0.50715
0.20214
0.85896
0.81572
0.39422
0.41256
0.2074
0.38937
0.60822
0.92914
0.29185
0.17525
0.71432
0.24592
0.47615
0.72263
0.19556
0.24449
0.7778
0.98062
0.61166
0.12918
0.68695
0.90717
0.96104
0.59211
0.60017
0.20763
0.1098
0.3534
0.88803
0.59018
0.30771
0.68544
0.83348
0.68391
0.73152
0.12151
0.76468
0.7355
0.96319
0.73883
0.86681
0.36478
0.48015
0.54882
0.20778
0.17336
0.20342
0.37888
0.55157
0.22836
0.14875
0.12537
0.71814
0.72219
0.55406
0.9847
0.63212
0.57569
0.42358
0.42086
0.12566
0.79144
0.37727
0.33492
0.16873
0.4688
0.77344
0.20943
0.86218
0.35608
0.79012
0.28487
0.15263
0.29469
0.84514
0.26669
0.12356
0.26609
0.80123
0.96471
0.65574
0.99101
0.10677
0.39898
0.18344
0.6517
0.71419
0.17308
0.95634
0.5862
0.62458
0.1762
0.83767
0.69773
0.82715
0.18043
0.55534
0.40807
0.52031
0.72041
0.99633
0.67546
0.24756
0.28694
0.33629
0.88806
0.64168
0.75707
0.15801
0.96811
0.2331
0.33514
0.32083
0.93189
0.41524
0.42758
0.8238
0.64809
0.41408
0.46059
0.14315
0.49135
0.42384
0.6395
0.95641
0.72583
0.82338
0.95792
0.60498
0.99838
0.76262
0.59537
0.45948
0.12463
0.53189
0.90591
0.6693
0.96784
0.72201
0.29555
0.35098
0.18977
0.68565
0.11455
0.12193
0.86717
0.98034
0.64885
0.24305
0.93679
0.57925
0.53172
0.72722
0.85038
0.14955
0.36371
0.28278
0.96509
0.4045
0.61863
0.70555
0.80221
0.5457
0.78521
0.5626
0.51426
0.46232
0.73886
0.90967
0.49223
0.29136
0.8889
0.14499
0.89212
0.87274
0.67685
0.12998
0.89558
0.30592
0.5846
0.75599
0.52088
0.31597
0.83957
0.87443
0.62083
0.42865
0.73825
0.32309
0.38715
0.88357
0.70125
0.74595
0.44439
0.47892
0.36053
0.98549
0.18266
0.36321
0.92441
0.532
0.63276
0.38016
0.51782
0.14169
0.4844
0.64724
0.91314
0.83379
0.20743
0.13761
0.93541
0.99374
0.51521
0.4434
0.60711
0.57891
0.13563
0.3955
0.41709
0.96073
0.93648
0.133
0.6898
0.82128
0.50084
0.8387
0.42104
0.27805
0.31125
0.87407
0.69884
0.38154
0.57125
0.32085
0.94472
0.49966
0.65712
0.80275
0.40917
0.41845
0.10208
0.41951
0.9878
0.75082
0.72316
0.96617
0.48447
0.70924
0.26604
0.77515
0.86217
0.34228
0.15628
0.42406
0.82943
0.94915
0.88192
0.7917
0.79681
0.90139
0.51295
0.1136
0.90451
0.12929
0.7172
0.37154
0.54765
0.92381
0.42122
0.42629
0.72146
0.50165
0.64771
0.52306
0.59386
0.66376
0.57866
0.85318
0.91953
0.52623
0.91275
0.11256
0.6702
0.17206
0.60499
0.96279
0.95496
0.94096
0.4076
0.1402
0.65744
0.22998
0.89218
0.98515
0.52446
0.58795
0.68285
0.28412
0.72531
0.75448
0.24007
0.6336
0.45403
0.14142
0.75216
0.74316
0.28827
0.10017
0.67771
0.29762
0.57826
0.38347
0.23705
0.19175
0.7696
0.278
0.28567
0.60621
0.48571
0.91809
0.88741
0.49828
0.28495
0.19707
0.83737
0.19354
0.45812
0.8721
0.56015
0.7725
0.76089
0.94598
0.88384
0.16607
0.58057
0.61282
0.54713
0.34686
0.31117
0.82366
0.41085
0.80019
0.29923
0.54099
0.66585
0.35889
0.79844
0.51122
0.34998
0.4846
0.83716
0.83686
0.34303
0.66821
0.50193
0.93473
0.71643
0.27624
0.31019
0.22094
0.8136
0.94333
0.87526
0.88403
0.51611
0.37263
0.85163
0.26684
0.20519
0.10129
0.26047
0.8467
0.90766
0.85212
0.1102
0.1436
0.62067
0.23373
0.63018
0.12683
0.77086
0.21897
0.94874
0.18
0.4018
0.44324
0.4617
0.16412
0.93505
0.31102
0.73468
0.76058
0.48041
0.79857
0.71724
0.43178
0.43656
0.58376
0.77574
0.76789
0.65966
0.15
0.4988
0.80144
0.30607
0.68068
0.32662
0.68258
0.92092
0.25346
0.24197
0.54996
0.4604
0.96908
0.11605
0.46667
0.78462
0.63168
0.21868
0.81876
0.35975
0.42006
0.45208
0.37904
0.6698
0.63874
0.98623
0.65356
0.13675
0.70111
0.55383
0.72656
0.89089
0.67786
0.4996
0.60216
0.59426
0.14019
0.65408
0.81672
0.93328
0.65788
0.81004
0.16642
0.69595
0.34501
0.68593
0.50271
0.71533
0.7013
0.82169
0.17446
0.43489
0.13366
0.86526
0.67833
0.12887
0.60877
0.59483
0.81678
0.12957
0.78787
0.73283
0.41648
0.45476
0.80393
0.30184
0.10557
0.14587
0.27776
0.1534
0.53003
0.92756
0.36755
0.50715
0.20214
0.85896
0.81572
0.39422
0.41256
0.2074
0.38937
0.60822
0.92914
0.29185
0.17525
0.71432
0.24592
0.47615
0.72263
0.19556
0.24449
0.7778
0.98062
0.61166
0.12918
0.68695
0.90717
0.96104
0.59211
0.60017
0.20763
0.1098
0.3534
0.88803
0.59018
0.30771
0.68544
0.83348
0.68391
0.73152
0.12151
0.76468
0.7355
0.96319
0.73883
0.86681
0.36478
0.48015
0.54882
0.20778
0.17336
0.20342
0.37888
0.55157
0.22836
0.14875
0.12537
0.71814
0.72219
0.55406
0.9847
0.63212
0.57569
0.42358
0.42086
0.12566
0.79144
0.37727
0.33492
0.16873
0.4688
0.77344
0.20943
0.86218
0.35608
0.79012
0.28487
0.15263
0.29469
0.84514
0.26669
0.12356
0.26609
0.80123
0.96471
0.65574
0.99101
0.10677
0.39898
0.18344
0.6517
0.71419
0.17308
0.95634
0.5862
0.62458
0.1762
0.83767
0.69773
0.82715
0.18043
0.55534
0.40807
0.52031
0.72041
0.99633
0.67546
0.24756
0.28694
0.33629
0.88806
0.64168
0.75707
0.15801
0.96811
0.2331
0.33514
0.32083
0.93189
0.41524
0.42758
0.8238
0.64809
0.41408
0.46059
0.14315
0.49135
0.42384
0.6395
0.95641
0.72583
0.82338
0.95792
0.60498
0.99838
0.76262
0.59537
0.45948
0.12463
0.53189
0.90591
0.6693
0.96784
0.72201
0.29555
0.35098
0.18977
0.68565
0.11455
0.12193
0.86717
0.98034
0.64885
0.24305
0.93679
0.57925
0.53172
0.72722
0.85038
0.14955
0.36371
0.28278
0.96509
0.4045
0.61863
0.70555
0.80221
0.5457
0.78521
0.5626
0.51426
0.46232
0.73886
0.90967
0.49223
0.29136
0.8889
0.14499
0.89212
0.87274
0.67685
0.12998
0.89558
0.30592
0.5846
0.75599
0.52088
0.31597
0.83957
0.87443
0.62083
0.42865
0.73825
0.32309
0.38715
0.88357
0.70125
0.74595
0.44439
0.47892
0.36053
0.98549
0.18266
0.36321
0.92441
0.532
0.63276
0.38016
0.51782
0.14169
0.4844
0.64724
0.91314
0.83379
0.20743
0.13761
0.93541
0.99374
0.51521
0.4434
0.60711
0.57891
0.13563
0.3955
0.41709
0.96073
0.93648
0.133
0.6898
0.82128
0.50084
0.8387
0.42104
0.27805
0.31125
0.87407
0.69884
0.38154
0.57125
0.32085
0.94472
0.49966
0.65712
0.80275
0.40917
0.41845
0.10208
0.41951
0.9878
0.75082
0.72316
0.96617
0.48447
0.70924
0.26604
0.77515
0.86217
0.34228
0.15628
0.42406
0.82943
0.94915
0.88192
0.7917
0.79681
0.90139
0.51295
0.1136
0.90451
0.12929
0.7172
0.37154
0.54765
0.92381
0.42122
0.42629
0.72146
0.50165
0.64771
0.52306
0.59386
0.66376
0.57866
0.85318
0.91953
0.52623
0.91275
0.11256
0.6702
0.17206
0.60499
0.96279
0.95496
0.94096
0.4076
0.1402
0.65744
0.22998
0.89218
0.98515
0.52446
0.58795
0.68285
0.28412
0.72531
0.75448
0.24007
0.6336
0.45403
0.14142
0.75216
0.74316
0.28827
0.10017
0.67771
0.29762
0.57826
0.38347
0.23705
0.19175
0.7696
0.278
0.28567
0.60621
0.48571
0.91809
0.88741
0.49828
0.28495
0.19707
0.83737
0.19354
0.45812
0.8721
0.56015
0.7725
0.76089
0.94598
0.88384
0.16607
0.58057
0.61282
0.54713
0.34686
0.31117
0.82366
0.41085
0.80019
0.29923
0.54099
0.66585
0.35889
0.79844
0.51122
0.34998
0.4846
0.83716
0.83686
0.34303
0.66821
0.50193
0.93473
0.71643
0.27624
0.31019
0.22094
0.8136
0.94333
0.87526
0.88403
0.51611
0.37263
0.85163
0.26684
0.20519
0.10129
0.26047
0.8467
0.90766
0.85212
0.1102
0.1436
0.62067
0.23373
0.63018
0.12683
0.77086
0.21897
0.94874
0.18
0.4018
0.44324
0.4617
0.16412
0.93505
0.31102
0.73468
0.76058
0.48041
0.79857
0.71724
0.43178
0.43656
0.58376
0.77574
0.76789
0.65966
0.15
0.4988
0.80144
0.30607
0.68068
0.32662
0.68258
0.92092
0.25346
0.24197
0.54996
0.4604
0.96908
0.11605
0.46667
0.78462
0.63168
0.21868
0.81876
0.35975
0.42006
0.45208
0.37904
0.6698
0.63874
0.98623
0.65356
0.13675
0.70111
0.55383
0.72656
0.89089
0.67786
0.4996
0.60216
0.59426
0.14019
0.65408
0.81672
0.93328
0.65788
0.81004
0.16642
0.69595
0.34501
0.68593
0.50271
0.71533
0.7013
0.82169
0.17446
0.43489
0.13366
0.86526
0.67833
0.12887
0.60877
0.59483
0.81678
0.12957
0.78787
0.73283
0.41648
0.45476
0.80393
0.30184
0.10557
0.14587
0.27776
0.1534
0.53003
0.92756
0.36755
0.50715
0.20214
0.85896
0.81572
0.39422
0.41256
0.2074
0.38937
0.60822
0.92914
0.29185
0.17525
0.71432
0.24592
0.47615
0.72263
0.19556
0.24449
0.7778
0.98062
0.61166
0.12918
0.68695
0.90717
0.96104
0.59211
0.60017
0.20763
0.1098
0.3534
0.88803
0.59018
0.30771
0.68544
0.83348
0.68391
0.73152
0.12151
0.76468
0.7355
0.96319
0.73883
0.86681
0.36478
0.48015
0.54882
0.20778
0.17336
0.20342
0.37888
0.55157
0.22836
0.14875
0.12537
0.71814
0.72219
0.55406
0.9847
0.63212
0.57569
0.42358
0.42086
0.12566
0.79144
0.37727
0.33492
0.16873
0.4688
0.77344
0.20943
0.86218
0.35608
0.79012
0.28487
0.15263
0.29469
0.84514
0.26669
0.12356
0.26609
0.80123
0.96471
0.65574
0.99101
0.10677
0.39898
0.18344
0.6517
0.71419
0.17308
0.95634
0.5862
0.62458
0.1762
0.83767
0.69773
0.82715
0.18043
0.55534
0.40807
0.52031
0.72041
0.99633
0.67546
0.24756
0.28694
0.33629
0.88806
0.64168
0.75707
0.15801
0.96811
0.2331
0.33514
0.32083
0.93189
0.41524
0.42758
0.8238
0.64809
0.41408
0.46059
0.14315
0.49135
0.42384
0.6395
0.95641
0.72583
0.82338
0.95792
0.60498
0.99838
0.76262
0.59537
0.45948
0.12463
0.53189
0.90591
0.6693
0.96784
0.72201
0.29555
0.35098
0.18977
0.68565
0.11455
0.12193
0.86717
0.98034
0.64885
0.24305
0.93679
0.57925
0.53172
0.72722
0.85038
0.14955
0.36371
0.28278
0.96509
0.4045
0.61863
0.70555
0.80221
0.5457
0.78521
0.5626
0.51426
0.46232
0.73886
0.90967
0.49223
0.29136
0.8889
0.14499
0.89212
0.87274
0.67685
0.12998
0.89558
0.30592
0.5846
0.75599
0.52088
0.31597
0.83957
0.87443
0.62083
0.42865
0.73825
0.32309
0.38715
0.88357
0.70125
0.74595
0.44439
0.47892
0.36053
0.98549
0.18266
0.36321
0.92441
0.532
0.63276
0.38016
0.51782
0.14169
0.4844
0.64724
0.91314
0.83379
0.20743
0.13761
0.93541
0.99374
0.51521
0.4434
0.60711
0.57891
0.13563
0.3955
0.41709
0.96073
0.93648
0.133
0.6898
0.82128
0.50084
0.8387
0.42104
0.27805
0.31125
0.87407
0.69884
0.38154
0.57125
0.32085
0.94472
0.49966
0.65712
0.80275
0.40917
0.41845
0.10208
0.41951
0.9878
0.75082
0.72316
0.96617
0.48447
0.70924
0.26604
0.77515
0.86217
0.34228
0.15628
0.42406
0.82943
0.94915
0.88192
0.7917
0.79681
0.90139
0.51295
0.1136
0.90451
0.12929
0.7172
0.37154
0.54765
0.92381
0.42122
0.42629
0.72146
0.50165
0.64771
0.52306
0.59386
0.66376
0.57866
0.85318
0.91953
0.52623
0.91275
0.11256
0.6702
0.17206
0.60499
0.96279
0.95496
0.94096
0.4076
0.1402
0.65744
0.22998
0.89218
0.98515
0.52446
0.58795
0.68285
0.28412
0.72531
0.75448
0.24007
0.6336
0.45403
0.14142
0.75216
0.74316
0.28827
0.10017
0.67771
0.29762
0.57826
0.38347
0.23705
0.19175
0.7696
0.278
0.28567
0.60621
0.48571
0.91809
0.88741
0.49828
0.28495
0.19707
0.83737
0.19354
0.45812
0.8721
0.56015
0.7725
0.76089
0.94598
0.88384
0.16607
0.58057
0.61282
0.54713
0.34686
0.31117
0.82366
0.41085
0.80019
0.29923
0.54099
0.66585
0.35889
0.79844
0.51122
0.34998
0.4846
0.83716
0.83686
0.34303
0.66821
0.50193
0.93473
0.71643
0.27624
0.31019
0.22094
0.8136
0.94333
0.87526
0.88403
0.51611
0.37263
0.85163
0.26684
0.20519
0.10129
0.26047
0.8467
0.90766
0.85212
0.1102
0.1436
0.62067
0.23373
0.63018
0.12683
0.77086
0.21897
0.94874
0.18
0.4018
0.44324
0.4617
0.16412
0.93505
0.31102
0.73468
0.76058
0.48041
0.79857
0.71724
0.43178
0.43656
0.58376
0.77574
0.76789
0.65966
0.15
0.4988
0.80144
0.30607
0.68068
0.32662
0.68258
0.92092
0.25346
0.24197
0.54996
0.4604
0.96908
0.11605
0.46667
0.78462
0.63168
0.21868
0.81876
0.35975
0.42006
0.45208
0.37904
0.6698
0.63874
0.98623
0.65356
0.13675
0.70111
0.55383
0.72656
0.89089
0.67786
0.4996
0.60216
0.59426
0.14019
0.65408
0.81672
0.93328
0.65788
0.81004
0.16642
0.69595
0.34501
0.68593
0.50271
0.71533
0.7013
0.82169
0.17446
0.43489
0.13366
0.86526
0.67833
0.12887
0.60877
0.59483
0.81678
0.12957
0.78787
0.73283
0.41648
0.45476
0.80393
0.30184
0.10557
0.14587
0.27776
0.1534
0.53003
0.92756
0.36755
0.50715
0.20214
0.85896
0.81572
0.39422
0.41256
0.2074
0.38937
0.60822
0.92914
0.29185
0.17525
0.71432
0.24592
0.47615
0.72263
0.19556
0.24449
0.7778
0.98062
0.61166
0.12918
0.68695
0.90717
0.96104
0.59211
0.60017
0.20763
0.1098
0.3534
0.88803
0.59018
0.30771
0.68544
0.83348
0.68391
0.73152
0.12151
0.76468
0.7355
0.96319
0.73883
0.86681
0.36478
0.48015
0.54882
0.20778
0.17336
0.20342
0.37888
0.55157
0.22836
0.14875
0.12537
0.71814
0.72219
0.55406
0.9847
0.63212
0.57569
0.42358
0.42086
0.12566
0.79144
0.37727
0.33492
0.16873
0.4688
0.77344
0.20943
0.86218
0.35608
0.79012
0.28487
0.15263
0.29469
0.84514
0.26669
0.12356
0.26609
0.80123
0.96471
0.65574
0.99101
0.10677
0.39898
0.18344
0.6517
0.71419
0.17308
0.95634
0.5862
0.62458
0.1762
0.83767
0.69773
0.82715
0.18043
0.55534
0.40807
0.52031
0.72041
0.99633
0.67546
0.24756
0.28694
0.33629
0.88806
0.64168
0.75707
0.15801
0.96811
0.2331
0.33514
0.32083
0.93189
0.41524
0.42758
0.8238
0.64809
0.41408
0.46059
0.14315
0.49135
0.42384
0.6395
0.95641
0.72583
0.82338
0.95792
0.60498
0.99838
0.76262
0.59537
0.45948
0.12463
0.53189
0.90591
0.6693
0.96784
0.72201
0.29555
0.35098
0.18977
0.68565
0.11455
0.12193
0.86717
0.98034
0.64885
0.24305
0.93679
0.57925
0.53172
0.72722
0.85038
0.14955
0.36371
0.28278
0.96509
0.4045
0.61863
0.70555
0.80221
0.5457
0.78521
0.5626
0.51426
0.46232
0.73886
0.90967
0.49223
0.29136
0.8889
0.14499
0.89212
0.87274
0.67685
0.12998
0.89558
0.30592
0.5846
0.75599
0.52088
0.31597
0.83957
0.87443
0.62083
0.42865
0.73825
0.32309
0.38715
0.88357
0.70125
0.74595
0.44439
0.47892
0.36053
0.98549
0.18266
0.36321
0.92441
0.532
0.63276
0.38016
0.51782
0.14169
0.4844
0.64724
0.91314
0.83379
0.20743
0.13761
0.93541
0.99374
0.51521
0.4434
0.60711
0.57891
0.13563
0.3955
0.41709
0.96073
0.93648
0.133
0.6898
0.82128
0.50084
0.8387
0.42104
0.27805
0.31125
0.87407
0.69884
0.38154
0.57125
0.32085
0.94472
0.49966
0.65712
0.80275
0.40917
0.41845
0.10208
0.41951
0.9878
0.75082
0.72316
0.96617
0.48447
0.70924
0.26604
0.77515
0.86217
0.34228
0.15628
0.42406
0.82943
0.94915
0.88192
0.7917
0.79681
0.90139
0.51295
0.1136
0.90451
0.12929
0.7172
0.37154
0.54765
0.92381
0.42122
0.42629
0.72146
0.50165
0.64771
0.52306
0.59386
0.66376
0.57866
0.85318
0.91953
0.52623
0.91275
0.11256
0.6702
0.17206
0.60499
0.96279
0.95496
0.94096
0.4076
0.1402
0.65744
0.22998
0.89218
0.98515
0.52446
0.58795
0.68285
0.28412
0.72531
0.75448
0.24007
0.6336
0.45403
0.14142
0.75216
0.74316
0.28827
0.10017
0.67771
0.29762
0.57826
0.38347
0.23705
0.19175
0.7696
0.278
0.28567
0.60621
0.48571
0.91809
0.88741
0.49828
0.28495
0.19707
0.83737
0.19354
0.45812
0.8721
0.56015
0.7725
0.76089
0.94598
0.88384
0.16607
0.58057
0.61282
0.54713
0.34686
0.31117
0.82366
0.41085
0.80019
0.29923
0.54099
0.66585
0.35889
0.79844
0.51122
0.34998
0.4846
0.83716
0.83686
0.34303
0.66821
0.50193
0.93473
0.71643
0.27624
0.31019
0.22094
0.8136
0.94333
0.87526
0.88403
0.51611
0.37263
0.85163
0.26684
0.20519
0.10129
0.26047
0.8467
0.90766
0.85212
0.1102
0.1436
0.62067
0.23373
0.63018
0.12683
0.77086
0.21897
0.94874
0.18
0.4018
0.44324
0.4617
0.16412
0.93505
0.31102
0.73468
0.76058
0.48041
0.79857
0.71724
0.43178
0.43656
0.58376
0.77574
0.76789
0.65966
0.15
0.4988
0.80144
0.30607
0.68068
0.32662
0.68258
0.92092
0.25346
0.24197
0.54996
0.4604
0.96908
0.11605
0.46667
0.78462
0.63168
0.21868
0.81876
0.35975
0.42006
0.45208
0.37904
0.6698
0.63874
0.98623
0.65356
0.13675
0.70111
0.55383
0.72656
0.89089
0.67786
0.4996
0.60216
0.59426
0.14019
0.65408
0.81672
0.93328
0.65788
0.81004
0.16642
0.69595
0.34501
0.68593
0.50271
0.71533
0.7013
0.82169
0.17446
0.43489
0.13366
0.86526
0.67833
0.12887
0.60877
0.59483
0.81678
0.12957
0.78787
0.73283
0.41648
0.45476
0.80393
0.30184
0.10557
0.14587
0.27776
0.1534
0.53003
0.92756
0.36755
0.50715
0.20214
0.85896
0.81572
0.39422
0.41256
0.2074
0.38937
0.60822
0.92914
0.29185
0.17525
0.71432
0.24592
0.47615
0.72263
0.19556
0.24449
0.7778
0.98062
0.61166
0.12918
0.68695
0.90717
0.96104
0.59211
0.60017
0.20763
0.1098
0.3534
0.88803
0.59018
0.30771
0.68544
0.83348
0.68391
0.73152
0.12151
0.76468
0.7355
0.96319
0.73883
0.86681
0.36478
0.48015
0.54882
0.20778
0.17336
0.20342
0.37888
0.55157
0.22836
0.14875
0.12537
0.71814
0.72219
0.55406
0.9847
0.63212
0.57569
0.42358
0.42086
0.12566
0.79144
0.37727
0.33492
0.16873
0.4688
0.77344
0.20943
0.86218
0.35608
0.79012
0.28487
0.15263
0.29469
0.84514
0.26669
0.12356
0.26609
0.80123
0.96471
0.65574
0.99101
0.10677
0.39898
0.18344
0.6517
0.71419
0.17308
0.95634
0.5862
0.62458
0.1762
0.83767
0.69773
0.82715
0.18043
0.55534
0.40807
0.52031
0.72041
0.99633
0.67546
0.24756
0.28694
0.33629
0.88806
0.64168
0.75707
0.15801
0.96811
0.2331
0.33514
0.32083
0.93189
0.41524
0.42758
0.8238
0.64809
0.41408
0.46059
0.14315
0.49135
0.42384
0.6395
0.95641
0.72583
0.82338
0.95792
0.60498
0.99838
0.76262
0.59537
0.45948
0.12463
0.53189
0.90591
0.6693
0.96784
0.72201
0.29555
0.35098
0.18977
0.68565
0.11455
0.12193
0.86717
0.98034
0.64885
0.24305
0.93679
0.57925
0.53172
0.72722
0.85038
0.14955
0.36371
0.28278
0.96509
0.4045
0.61863
0.70555
0.80221
0.5457
0.78521
0.5626
0.51426
0.46232
0.73886
0.90967
0.49223
0.29136
0.8889
0.14499
0.89212
0.87274
0.67685
0.12998
0.89558
0.30592
0.5846
0.75599
0.52088
0.31597
0.83957
0.87443
0.62083
0.42865
0.73825
0.32309
0.38715
0.88357
0.70125
0.74595
0.44439
0.47892
0.36053
0.98549
0.18266
0.36321
0.92441
0.532
0.63276
0.38016
0.51782
0.14169
0.4844
0.64724
0.91314
0.83379
0.20743
0.13761
0.93541
0.99374
0.51521
0.4434
0.60711
0.57891
0.13563
0.3955
0.41709
0.96073
0.93648
0.133
0.6898
0.82128
0.50084
0.8387
0.42104
0.27805
0.31125
0.87407
0.69884
0.38154
0.57125
0.32085
0.94472
0.49966
0.65712
0.80275
0.40917
0.41845
0.10208
0.41951
0.9878
0.75082
0.72316
0.96617
0.48447
0.70924
0.26604
0.77515
0.86217
0.34228
0.15628
0.42406
0.82943
0.94915
0.88192
0.7917
0.79681
0.90139
0.51295
0.1136
0.90451
0.12929
0.7172
0.37154
0.54765
0.92381
0.42122
0.42629
0.72146
0.50165
0.64771
0.52306
0.59386
0.66376
0.57866
0.85318
0.91953
0.52623
0.91275
0.11256
0.6702
0.17206
0.60499
0.96279
0.95496
0.94096
0.4076
0.1402
0.65744
0.22998
0.89218
0.98515
0.52446
0.58795
0.68285
0.28412
0.72531
0.75448
0.24007
0.6336
0.45403
0.14142
0.75216
0.74316
0.28827
0.10017
0.67771
0.29762
0.57826
0.38347
0.23705
0.19175
0.7696
0.278
0.28567
0.60621
0.48571
0.91809
0.88741
0.49828
0.28495
0.19707
0.83737
0.19354
0.45812
0.8721
0.56015
0.7725
0.76089
0.94598
0.88384
0.16607
0.58057
0.61282
0.54713
0.34686
0.31117
0.82366
0.41085
0.80019
0.29923
0.54099
0.66585
0.35889
0.79844
0.51122
0.34998
0.4846
0.83716
0.83686
0.34303
0.66821
0.50193
0.93473
0.71643
0.27624
0.31019
0.22094
0.8136
0.94333
0.87526
0.88403
0.51611
0.37263
0.85163
0.26684
0.20519
0.10129
0.26047
0.8467
0.90766
0.85212
0.1102
0.1436
0.62067
0.23373
0.63018
0.12683
0.77086
0.21897
0.94874
0.18
0.4018
0.44324
0.4617
0.16412
0.93505
0.31102
0.73468
0.76058
0.48041
0.79857
0.71724
0.43178
0.43656
0.58376
0.77574
0.76789
0.65966
0.15
0.4988
0.80144
0.30607
0.68068
0.32662
0.68258
0.92092
0.25346
0.24197
0.54996
0.4604
0.96908
0.11605
0.46667
0.78462
0.63168
0.21868
0.81876
0.35975
0.42006
0.45208
0.37904
0.6698
0.63874
0.98623
0.65356
0.13675
0.70111
0.55383
0.72656
0.89089
0.67786
0.4996
0.60216
0.59426
0.14019
0.65408
0.81672
0.93328
0.65788
0.81004
0.16642
0.69595
0.34501
0.68593
0.50271
0.71533
0.7013
0.82169
0.17446
0.43489
0.13366
0.86526
0.67833
0.12887
0.60877
0.59483
0.81678
0.12957
0.78787
0.73283
0.41648
0.45476
0.80393
0.30184
0.10557
0.14587
0.27776
0.1534
0.53003
0.92756
0.36755
0.50715
0.20214
0.85896
0.81572
0.39422
0.41256
0.2074
0.38937
0.60822
0.92914
0.29185
0.17525
0.71432
0.24592
0.47615
0.72263
0.19556
0.24449
0.7778
0.98062
0.61166
0.12918
0.68695
0.90717
0.96104
0.59211
0.60017
0.20763
0.1098
0.3534
0.88803
0.59018
0.30771
0.68544
0.83348
0.68391
0.73152
0.12151
0.76468
0.7355
0.96319
0.73883
0.86681
0.36478
0.48015
0.54882
0.20778
0.17336
0.20342
0.37888
0.55157
0.22836
0.14875
0.12537
0.71814
0.72219
0.55406
0.9847
0.63212
0.57569
0.42358
0.42086
0.12566
0.79144
0.37727
0.33492
0.16873
0.4688
0.77344
0.20943
0.86218
0.35608
0.79012
0.28487
0.15263
0.29469
0.84514
0.26669
0.12356
0.26609
0.80123
0.96471
0.65574
0.99101
0.10677
0.39898
0.18344
0.6517
0.71419
0.17308
0.95634
0.5862
0.62458
0.1762
0.83767
0.69773
0.82715
0.18043
0.55534
0.40807
0.52031
0.72041
0.99633
0.67546
0.24756
0.28694
0.33629
0.88806
0.64168
0.75707
0.15801
0.96811
0.2331
0.33514
0.32083
0.93189
0.41524
0.42758
0.8238
0.64809
0.41408
0.46059
0.14315
0.49135
0.42384
0.6395
0.95641
0.72583
0.82338
0.95792
0.60498
0.99838
0.76262
0.59537
0.45948
0.12463
0.53189
0.90591
0.6693
0.96784
0.72201
0.29555
0.35098
0.18977
0.68565
0.11455
0.12193
0.86717
0.98034
0.64885
0.24305
0.93679
0.57925
0.53172
0.72722
0.85038
0.14955
0.36371
0.28278
0.96509
0.4045
0.61863
0.70555
0.80221
0.5457
0.78521
0.5626
0.51426
0.46232
0.73886
0.90967
0.49223
0.29136
0.8889
0.14499
0.89212
0.87274
0.67685
0.12998
0.89558
0.30592
0.5846
0.75599
0.52088
0.31597
0.83957
0.87443
0.62083
0.42865
0.73825
0.32309
0.38715
0.88357
0.70125
0.74595
0.44439
0.47892
0.36053
0.98549
0.18266
0.36321
0.92441
0.532
0.63276
0.38016
0.51782
0.14169
0.4844
0.64724
0.91314
0.83379
0.20743
0.13761
0.93541
0.99374
0.51521
0.4434
0.60711
0.57891
0.13563
0.3955
0.41709
0.96073
0.93648
0.133
0.6898
0.82128
0.50084
0.8387
0.42104
0.27805
0.31125
0.87407
0.69884
0.38154
0.57125
0.32085
0.94472
0.49966
0.65712
0.80275
0.40917
0.41845
0.10208
0.41951
0.9878
0.75082
0.72316
0.96617
0.48447
0.70924
0.26604
0.77515
0.86217
0.34228
0.15628
0.42406
0.82943
0.94915
0.88192
0.7917
0.79681
0.90139
0.51295
0.1136
0.90451
0.12929
0.7172
0.37154
0.54765
0.92381
0.42122
0.42629
0.72146
0.50165
0.64771
0.52306
0.59386
0.66376
0.57866
0.85318
0.91953
0.52623
0.91275
0.11256
0.6702
0.17206
0.60499
0.96279
0.95496
0.94096
0.4076
0.1402
0.65744
0.22998
0.89218
0.98515
0.52446
0.58795
0.68285
0.28412
0.72531
0.75448
0.24007
0.6336
0.45403
0.14142
0.75216
0.74316
0.28827
0.10017
0.67771
0.29762
0.57826
0.38347
0.23705
0.19175
0.7696
0.278
0.28567
0.60621
0.48571
0.91809
0.88741
0.49828
0.28495
0.19707
0.83737
0.19354
0.45812
0.8721
0.56015
0.7725
0.76089
0.94598
0.88384
0.16607
0.58057
0.61282
0.54713
0.34686
0.31117
0.82366
0.41085
0.80019
0.29923
0.54099
0.66585
0.35889
0.79844
0.51122
0.34998
0.4846
0.83716
0.83686
0.34303
0.66821
0.50193
0.93473
0.71643
0.27624
0.31019
0.22094
0.8136
0.94333
0.87526
0.88403
0.51611
0.37263
0.85163
0.26684
0.20519
0.10129
0.26047
0.8467
0.90766
0.85212
0.1102
0.1436
0.62067
0.23373
0.63018
0.12683
0.77086
0.21897
0.94874
0.18
0.4018
0.44324
0.4617
0.16412
0.93505
0.31102
0.73468
0.76058
0.48041
0.79857
0.71724
0.43178
0.43656
0.58376
0.77574
0.76789
0.65966
0.15
0.4988
0.80144
0.30607
0.68068
0.32662
0.68258
0.92092
0.25346
0.24197
0.54996
0.4604
0.96908
0.11605
0.46667
0.78462
0.63168
0.21868
0.81876
0.35975
0.42006
0.45208
0.37904
0.6698
0.63874
0.98623
0.65356
0.13675
0.70111
0.55383
0.72656
0.89089
0.67786
0.4996
0.60216
0.59426
0.14019
0.65408
0.81672
0.93328
0.65788
0.81004
0.16642
0.69595
0.34501
0.68593
0.50271
0.71533
0.7013
0.82169
0.17446
0.43489
0.13366
0.86526
0.67833
0.12887
0.60877
0.59483
0.81678
0.12957
0.78787
0.73283
0.41648
0.45476
0.80393
0.30184
0.10557
0.14587
0.27776
0.1534
0.53003
0.92756
0.36755
0.50715
0.20214
0.85896
0.81572
0.39422
0.41256
0.2074
0.38937
0.60822
0.92914
0.29185
0.17525
0.71432
0.24592
0.47615
0.72263
0.19556
0.24449
0.7778
0.98062
0.61166
0.12918
0.68695
0.90717
0.96104
0.59211
0.60017
0.20763
0.1098
0.3534
0.88803
0.59018
0.30771
0.68544
0.83348
0.68391
0.73152
0.12151
0.76468
0.7355
0.96319
0.73883
0.86681
0.36478
0.48015
0.54882
0.20778
0.17336
0.20342
0.37888
0.55157
0.22836
0.14875
0.12537
0.71814
0.72219
0.55406
0.9847
0.63212
0.57569
0.42358
0.42086
0.12566
0.79144
0.37727
0.33492
0.16873
0.4688
0.77344
0.20943
0.86218
0.35608
0.79012
0.28487
0.15263
0.29469
0.84514
0.26669
0.12356
0.26609
0.80123
0.96471
0.65574
0.99101
0.10677
0.39898
0.18344
0.6517
0.71419
0.17308
0.95634
0.5862
0.62458
0.1762
0.83767
0.69773
0.82715
0.18043
0.55534
0.40807
0.52031
0.72041
0.99633
0.67546
0.24756
0.28694
0.33629
0.88806
0.64168
0.75707
0.15801
0.96811
0.2331
0.33514
0.32083
0.93189
0.41524
0.42758
0.8238
0.64809
0.41408
0.46059
0.14315
0.49135
0.42384
0.6395
0.95641
0.72583
0.82338
0.95792
0.60498
0.99838
0.76262
0.59537
0.45948
0.12463
0.53189
0.90591
0.6693
0.96784
0.72201
0.29555
0.35098
0.18977
0.68565
0.11455
0.12193
0.86717
0.98034
0.64885
0.24305
0.93679
0.57925
0.53172
0.72722
0.85038
0.14955
0.36371
0.28278
0.96509
0.4045
0.61863
0.70555
0.80221
0.5457
0.78521
0.5626
0.51426
0.46232
0.73886
0.90967
0.49223
0.29136
0.8889
0.14499
0.89212
0.87274
0.67685
0.12998
0.89558
0.30592
0.5846
0.75599
0.52088
0.31597
0.83957
0.87443
0.62083
0.42865
0.73825
0.32309
0.38715
0.88357
0.70125
0.74595
0.44439
0.47892
0.36053
0.98549
0.18266
0.36321
0.92441
0.532
0.63276
0.38016
0.51782
0.14169
0.4844
0.64724
0.91314
0.83379
0.20743
0.13761
0.93541
0.99374
0.51521
0.4434
0.60711
0.57891
0.13563
0.3955
0.41709
0.96073
0.93648
0.133
0.6898
0.82128
0.50084
0.8387
0.42104
0.27805
0.31125
0.87407
0.69884
0.38154
0.57125
0.32085
0.94472
0.49966
0.65712
0.80275
0.40917
0.41845
0.10208
0.41951
0.9878
0.75082
0.72316
0.96617
0.48447
0.70924
0.26604
0.77515
0.86217
0.34228
0.15628
0.42406
0.82943
0.94915
0.88192
0.7917
0.79681
0.90139
0.51295
0.1136
0.90451
0.12929
0.7172
0.37154
0.54765
0.92381
0.42122
0.42629
0.72146
0.50165
0.64771
0.52306
0.59386
0.66376
0.57866
0.85318
0.91953
0.52623
0.91275
0.11256
0.6702
0.17206
0.60499
0.96279
0.95496
0.94096
0.4076
0.1402
0.65744
0.22998
0.89218
0.98515
0.52446
0.58795
0.68285
0.28412
0.72531
0.75448
0.24007
0.6336
0.45403
0.14142
0.75216
0.74316
0.28827
0.10017
0.67771
0.29762
0.57826
0.38347
0.23705
0.19175
0.7696
0.278
0.28567
0.60621
0.48571
0.91809
0.88741
0.49828
0.28495
0.19707
0.83737
0.19354
0.45812
0.8721
0.56015
0.7725
0.76089
0.94598
0.88384
0.16607
0.58057
0.61282
0.54713
0.34686
0.31117
0.82366
0.41085
0.80019
0.29923
0.54099
0.66585
0.35889
0.79844
0.51122
0.34998
0.4846
0.83716
0.83686
0.34303
0.66821
0.50193
0.93473
0.71643
0.27624
0.31019
0.22094
0.8136
0.94333
0.87526
0.88403
0.51611
0.37263
0.85163
0.26684
0.20519
0.10129
0.26047
0.8467
0.90766
0.85212
0.1102
0.1436
0.62067
0.23373
0.63018
0.12683
0.77086
0.21897
0.94874
0.18
0.4018
0.44324
0.4617
0.16412
0.93505
0.31102
0.73468
0.76058
0.48041
0.79857
0.71724
0.43178
0.43656
0.58376
0.77574
0.76789
0.65966
0.15
0.4988
0.80144
0.30607
0.68068
0.32662
0.68258
0.92092
0.25346
0.24197
0.54996
0.4604
0.96908
0.11605
0.46667
0.78462
0.63168
0.21868
0.81876
0.35975
0.42006
0.45208
0.37904
0.6698
0.63874
0.98623
0.65356
0.13675
0.70111
0.55383
0.72656
0.89089
0.67786
0.4996
0.60216
0.59426
0.14019
0.65408
0.81672
0.93328
0.65788
0.81004
0.16642
0.69595
0.34501
0.68593
0.50271
0.71533
0.7013
0.82169
0.17446
0.43489
0.13366
0.86526
0.67833
0.12887
0.60877
0.59483
0.81678
0.12957
0.78787
0.73283
0.41648
0.45476
0.80393
0.30184
0.10557
0.14587
0.27776
0.1534
0.53003
0.92756
0.36755
0.50715
0.20214
0.85896
0.81572
0.39422
0.41256
0.2074
0.38937
0.60822
0.92914
0.29185
0.17525
0.71432
0.24592
0.47615
0.72263
0.19556
0.24449
0.7778
0.98062
0.61166
0.12918
0.68695
0.90717
0.96104
0.59211
0.60017
0.20763
0.1098
0.3534
0.88803
0.59018
0.30771
0.68544
0.83348
0.68391
0.73152
0.12151
0.76468
0.7355
0.96319
0.73883
0.86681
0.36478
0.48015
0.54882
0.20778
0.17336
0.20342
0.37888
0.55157
0.22836
0.14875
0.12537
0.71814
0.72219
0.55406
0.9847
0.63212
0.57569
0.42358
0.42086
0.12566
0.79144
0.37727
0.33492
0.16873
0.4688
0.77344
0.20943
0.86218
0.35608
0.79012
0.28487
0.15263
0.29469
0.84514
0.26669
0.12356
0.26609
0.80123
0.96471
0.65574
0.99101
0.10677
0.39898
0.18344
0.6517
0.71419
0.17308
0.95634
0.5862
0.62458
0.1762
0.83767
0.69773
0.82715
0.18043
0.55534
0.40807
0.52031
0.72041
0.99633
0.67546
0.24756
0.28694
0.33629
0.88806
0.64168
0.75707
0.15801
0.96811
0.2331
0.33514
0.32083
0.93189
0.41524
0.42758
0.8238
0.64809
0.41408
0.46059
0.14315
0.49135
0.42384
0.6395
0.95641
0.72583
0.82338
0.95792
0.60498
0.99838
0.76262
0.59537
0.45948
0.12463
0.53189
0.90591
0.6693
0.96784
0.72201
0.29555
0.35098
0.18977
0.68565
0.11455
0.12193
0.86717
0.98034
0.64885
0.24305
0.93679
0.57925
0.53172
0.72722
0.85038
0.14955
0.36371
0.28278
0.96509
0.4045
0.61863
0.70555
0.80221
0.5457
0.78521
0.5626
0.51426
0.46232
0.73886
0.90967
0.49223
0.29136
0.8889
0.14499
0.89212
0.87274
0.67685
0.12998
0.89558
0.30592
0.5846
0.75599
0.52088
0.31597
0.83957
0.87443
0.62083
0.42865
0.73825
0.32309
0.38715
0.88357
0.70125
0.74595
0.44439
0.47892
0.36053
0.98549
0.18266
0.36321
0.92441
0.532
0.63276
0.38016
0.51782
0.14169
0.4844
0.64724
0.91314
0.83379
0.20743
0.13761
0.93541
0.99374
0.51521
0.4434
0.60711
0.57891
0.13563
0.3955
0.41709
0.96073
0.93648
0.133
0.6898
0.82128
0.50084
0.8387
0.42104
0.27805
0.31125
0.87407
0.69884
0.38154
0.57125
0.32085
0.94472
0.49966
0.65712
0.80275
0.40917
0.41845
0.10208
0.41951
0.9878
0.75082
0.72316
0.96617
0.48447
0.70924
0.26604
0.77515
0.86217
0.34228
0.15628
0.42406
0.82943
0.94915
0.88192
0.7917
0.79681
0.90139
0.51295
0.1136
0.90451
0.12929
0.7172
0.37154
0.54765
0.92381
0.42122
0.42629
0.72146
0.50165
0.64771
0.52306
0.59386
0.66376
0.57866
0.85318
0.91953
0.52623
0.91275
0.11256
0.6702
0.17206
0.60499
0.96279
0.95496
0.94096
0.4076
0.1402
0.65744
0.22998
0.89218
0.98515
0.52446
0.58795
0.68285
0.28412
0.72531
0.75448
0.24007
0.6336
0.45403
0.14142
0.75216
0.74316
0.28827
0.10017
0.67771
0.29762
0.57826
0.38347
0.23705
0.19175
0.7696
0.278
0.28567
0.60621
0.48571
0.91809
0.88741
0.49828
0.28495
0.19707
0.83737
0.19354
0.45812
0.8721
0.56015
0.7725
0.76089
0.94598
0.88384
0.16607
0.58057
0.61282
0.54713
0.34686
0.31117
0.82366
0.41085
0.80019
0.29923
0.54099
0.66585
0.35889
0.79844
0.51122
0.34998
0.4846
0.83716
0.83686
0.34303
0.66821
0.50193
0.93473
0.71643
0.27624
0.31019
0.22094
0.8136
0.94333
0.87526
0.88403
0.51611
0.37263
0.85163
0.26684
0.20519
0.10129
0.26047
0.8467
0.90766
0.85212
0.1102
0.1436
0.62067
0.23373
0.63018
0.12683
0.77086
0.21897
0.94874
0.18
0.4018
0.44324
0.4617
0.16412
0.93505
0.31102
0.73468
0.76058
0.48041
0.79857
0.71724
0.43178
0.43656
0.58376
0.77574
0.76789
0.65966
0.15
0.4988
0.80144
0.30607
0.68068
0.32662
0.68258
0.92092
0.25346
0.24197
0.54996
0.4604
0.96908
0.11605
0.46667
0.78462
0.63168
0.21868
0.81876
0.35975
0.42006
0.45208
0.37904
0.6698
0.63874
0.98623
0.65356
0.13675
0.70111
0.55383
0.72656
0.89089
0.67786
0.4996
0.60216
0.59426
0.14019
0.65408
0.81672
0.93328
0.65788
0.81004
0.16642
0.69595
0.34501
0.68593
0.50271
0.71533
0.7013
0.82169
0.17446
0.43489
0.13366
0.86526
0.67833
0.12887
0.60877
0.59483
0.81678
0.12957
0.78787
0.73283
0.41648
0.45476
0.80393
0.30184
0.10557
0.14587
0.27776
0.1534
0.53003
0.92756
0.36755
0.50715
0.20214
0.85896
0.81572
0.39422
0.41256
0.2074
0.38937
0.60822
0.92914
0.29185
0.17525
0.71432
0.24592
0.47615
0.72263
0.19556
0.24449
0.7778
0.98062
0.61166
0.12918
0.68695
0.90717
0.96104
0.59211
0.60017
0.20763
0.1098
0.3534
0.88803
0.59018
0.30771
0.68544
0.83348
0.68391
0.73152
0.12151
0.76468
0.7355
0.96319
0.73883
0.86681
0.36478
0.48015
0.54882
0.20778
0.17336
0.20342
0.37888
0.55157
0.22836
0.14875
0.12537
0.71814
0.72219
0.55406
0.9847
0.63212
0.57569
0.42358
0.42086
0.12566
0.79144
0.37727
0.33492
0.16873
0.4688
0.77344
0.20943
0.86218
0.35608
0.79012
0.28487
0.15263
0.29469
0.84514
0.26669
0.12356
0.26609
0.80123
0.96471
0.65574
0.99101
0.10677
0.39898
0.18344
0.6517
0.71419
0.17308
0.95634
0.5862
0.62458
0.1762
0.83767
0.69773
0.82715
0.18043
0.55534
0.40807
0.52031
0.72041
0.99633
0.67546
0.24756
0.28694
0.33629
0.88806
0.64168
0.75707
0.15801
0.96811
0.2331
0.33514
0.32083
0.93189
0.41524
0.42758
0.8238
0.64809
0.41408
0.46059
0.14315
0.49135
0.42384
0.6395
0.95641
0.72583
0.82338
0.95792
0.60498
0.99838
0.76262
0.59537
0.45948
0.12463
0.53189
0.90591
0.6693
0.96784
0.72201
0.29555
0.35098
0.18977
0.68565
0.11455
0.12193
0.86717
0.98034
0.64885
0.24305
0.93679
0.57925
0.53172
0.72722
0.85038
0.14955
0.36371
0.28278
0.96509
0.4045
0.61863
0.70555
0.80221
0.5457
0.78521
0.5626
0.51426
0.46232
0.73886
0.90967
0.49223
0.29136
0.8889
0.14499
0.89212
0.87274
0.67685
0.12998
0.89558
0.30592
0.5846
0.75599
0.52088
0.31597
0.83957
0.87443
0.62083
0.42865
0.73825
0.32309
0.38715
0.88357
0.70125
0.74595
0.44439
0.47892
0.36053
0.98549
0.18266
0.36321
0.92441
0.532
0.63276
0.38016
0.51782
0.14169
0.4844
0.64724
0.91314
0.83379
0.20743
0.13761
0.93541
0.99374
0.51521
0.4434
0.60711
0.57891
0.13563
0.3955
0.41709
0.96073
0.93648
0.133
0.6898
0.82128
0.50084
0.8387
0.42104
0.27805
0.31125
0.87407
0.69884
0.38154
0.57125
0.32085
0.94472
0.49966
0.65712
0.80275
0.40917
0.41845
0.10208
0.41951
0.9878
0.75082
0.72316
0.96617
0.48447
0.70924
0.26604
0.77515
0.86217
0.34228
0.15628
0.42406
0.82943
0.94915
0.88192
0.7917
0.79681
0.90139
0.51295
0.1136
0.90451
0.12929
0.7172
0.37154
0.54765
0.92381
0.42122
0.42629
0.72146
0.50165
0.64771
0.52306
0.59386
0.66376
0.57866
0.85318
0.91953
0.52623
0.91275
0.11256
0.6702
0.17206
0.60499
0.96279
0.95496
0.94096
0.4076
0.1402
0.65744
0.22998
0.89218
0.98515
0.52446
0.58795
0.68285
0.28412
0.72531
0.75448
0.24007
0.6336
0.45403
0.14142
0.75216
0.74316
0.28827
0.10017
0.67771
0.29762
0.57826
0.38347
0.23705
0.19175
0.7696
0.278
0.28567
0.60621
0.48571
0.91809
0.88741
0.49828
0.28495
0.19707
0.83737
0.19354
0.45812
0.8721
0.56015
0.7725
0.76089
0.94598
0.88384
0.16607
0.58057
0.61282
0.54713
0.34686
0.31117
0.82366
0.41085
0.80019
0.29923
0.54099
0.66585
0.35889
0.79844
0.51122
0.34998
0.4846
0.83716
0.83686
0.34303
0.66821
0.50193
0.93473
0.71643
0.27624
0.31019
0.22094
0.8136
0.94333
0.87526
0.88403
0.51611
0.37263
0.85163
0.26684
0.20519
0.10129
0.26047
0.8467
0.90766
0.85212
0.1102
0.1436
0.62067
0.23373
0.63018
0.12683
0.77086
0.21897
0.94874
0.18
0.4018
0.44324
0.4617
0.16412
0.93505
0.31102
0.73468
0.76058
0.48041
0.79857
0.71724
0.43178
0.43656
0.58376
0.77574
0.76789
0.65966
0.15
0.4988
0.80144
0.30607
0.68068
0.32662
0.68258
0.92092
0.25346
0.24197
0.54996
0.4604
0.96908
0.11605
0.46667
0.78462
0.63168
0.21868
0.81876
0.35975
0.42006
0.45208
0.37904
0.6698
0.63874
0.98623
0.65356
0.13675
0.70111
0.55383
0.72656
0.89089
0.67786
0.4996
0.60216
0.59426
0.14019
0.65408
0.81672
0.93328
0.65788
0.81004
0.16642
0.69595
0.34501
0.68593
0.50271
0.71533
0.7013
0.82169
0.17446
0.43489
0.13366
0.86526
0.67833
0.12887
0.60877
0.59483
0.81678
0.12957
0.78787
0.73283
0.41648
0.45476
0.80393
0.30184
0.10557
0.14587
0.27776
0.1534
0.53003
0.92756
0.36755
0.50715
0.20214
0.85896
0.81572
0.39422
0.41256
0.2074
0.38937
0.60822
0.92914
0.29185
0.17525
0.71432
0.24592
0.47615
0.72263
0.19556
0.24449
0.7778
0.98062
0.61166
0.12918
0.68695
0.90717
0.96104
0.59211
0.60017
0.20763
0.1098
0.3534
0.88803
0.59018
0.30771
0.68544
0.83348
0.68391
0.73152
0.12151
0.76468
0.7355
0.96319
0.73883
0.86681
0.36478
0.48015
0.54882
0.20778
0.17336
0.20342
0.37888
0.55157
0.22836
0.14875
0.12537
0.71814
0.72219
0.55406
0.9847
0.63212
0.57569
0.42358
0.42086
0.12566
0.79144
0.37727
0.33492
0.16873
0.4688
0.77344
0.20943
0.86218
0.35608
0.79012
0.28487
0.15263
0.29469
0.84514
0.26669
0.12356
0.26609
0.80123
0.96471
0.65574
0.99101
0.10677
0.39898
0.18344
0.6517
0.71419
0.17308
0.95634
0.5862
0.62458
0.1762
0.83767
0.69773
0.82715
0.18043
0.55534
0.40807
0.52031
0.72041
0.99633
0.67546
0.24756
0.28694
0.33629
0.88806
0.64168
0.75707
0.15801
0.96811
0.2331
0.33514
0.32083
0.93189
0.41524
0.42758
0.8238
0.64809
0.41408
0.46059
0.14315
0.49135
0.42384
0.6395
0.95641
0.72583
0.82338
0.95792
0.60498
0.99838
0.76262
0.59537
0.45948
0.12463
0.53189
0.90591
0.6693
0.96784
0.72201
0.29555
0.35098
0.18977
0.68565
0.11455
0.12193
0.86717
0.98034
0.64885
0.24305
0.93679
0.57925
0.53172
0.72722
0.85038
0.14955
0.36371
0.28278
0.96509
0.4045
0.61863
0.70555
0.80221
0.5457
0.78521
0.5626
0.51426
0.46232
0.73886
0.90967
0.49223
0.29136
0.8889
0.14499
0.89212
0.87274
0.67685
0.12998
0.89558
0.30592
0.5846
0.75599
0.52088
0.31597
0.83957
0.87443
0.62083
0.42865
0.73825
0.32309
0.38715
0.88357
0.70125
0.74595
0.44439
0.47892
0.36053
0.98549
0.18266
0.36321
0.92441
0.532
0.63276
0.38016
0.51782
0.14169
0.4844
0.64724
0.91314
0.83379
0.20743
0.13761
0.93541
0.99374
0.51521
0.4434
0.60711
0.57891
0.13563
0.3955
0.41709
0.96073
0.93648
0.133
0.6898
0.82128
0.50084
0.8387
0.42104
0.27805
0.31125
0.87407
0.69884
0.38154
0.57125
0.32085
0.94472
0.49966
0.65712
0.80275
0.40917
0.41845
0.10208
0.41951
0.9878
0.75082
0.72316
0.96617
0.48447
0.70924
0.26604
0.77515
0.86217
0.34228
0.15628
0.42406
0.82943
0.94915
0.88192
0.7917
0.79681
0.90139
0.51295
0.1136
0.90451
0.12929
0.7172
0.37154
0.54765
0.92381
0.42122
0.42629
0.72146
0.50165
0.64771
0.52306
0.59386
0.66376
0.57866
0.85318
0.91953
0.52623
0.91275
0.11256
0.6702
0.17206
0.60499
0.96279
0.95496
0.94096
0.4076
0.1402
0.65744
0.22998
0.89218
0.98515
0.52446
0.58795
0.68285
0.28412
0.72531
0.75448
0.24007
0.6336
0.45403
0.14142
0.75216
0.74316
0.28827
0.10017
0.67771
0.29762
0.57826
0.38347
0.23705
0.19175
0.7696
0.278
0.28567
0.60621
0.48571
0.91809
0.88741
0.49828
0.28495
0.19707
0.83737
0.19354
0.45812
0.8721
0.56015
0.7725
0.76089
0.94598
0.88384
0.16607
0.58057
0.61282
0.54713
0.34686
0.31117
0.82366
0.41085
0.80019
0.29923
0.54099
0.66585
0.35889
0.79844
0.51122
0.34998
0.4846
0.83716
0.83686
0.34303
0.66821
0.50193
0.93473
0.71643
0.27624
0.31019
0.22094
0.8136
0.94333
0.87526
0.88403
0.51611
0.37263
0.85163
0.26684
0.20519
0.10129
0.26047
0.8467
0.90766
0.85212
0.1102
0.1436
0.62067
0.23373
0.63018
0.12683
0.77086
0.21897
0.94874
0.18
0.4018
0.44324
0.4617
0.16412
0.93505
0.31102
0.73468
0.76058
0.48041
0.79857
0.71724
0.43178
0.43656
0.58376
0.77574
0.76789
0.65966
0.15
0.4988
0.80144
0.30607
0.68068
0.32662
0.68258
0.92092
0.25346
0.24197
0.54996
0.4604
0.96908
0.11605
0.46667
0.78462
0.63168
0.21868
0.81876
0.35975
0.42006
0.45208
0.37904
0.6698
0.63874
0.98623
0.65356
0.13675
0.70111
0.55383
0.72656
0.89089
0.67786
0.4996
0.60216
0.59426
0.14019
0.65408
0.81672
0.93328
0.65788
0.81004
0.16642
0.69595
0.34501
0.68593
0.50271
0.71533
0.7013
0.82169
0.17446
0.43489
0.13366
0.86526
0.67833
0.12887
0.60877
0.59483
0.81678
0.12957
0.78787
0.73283
0.41648
0.45476
0.80393
0.30184
0.10557
0.14587
0.27776
0.1534
0.53003
0.92756
0.36755
0.50715
0.20214
0.85896
0.81572
0.39422
0.41256
0.2074
0.38937
0.60822
0.92914
0.29185
0.17525
0.71432
0.24592
0.47615
0.72263
0.19556
0.24449
0.7778
0.98062
0.61166
0.12918
0.68695
0.90717
0.96104
0.59211
0.60017
0.20763
0.1098
0.3534
0.88803
0.59018
0.30771
0.68544
0.83348
0.68391
0.73152
0.12151
0.76468
0.7355
0.96319
0.73883
0.86681
0.36478
0.48015
0.54882
0.20778
0.17336
0.20342
0.37888
0.55157
0.22836
0.14875
0.12537
0.71814
0.72219
0.55406
0.9847
0.63212
0.57569
0.42358
0.42086
0.12566
0.79144
0.37727
0.33492
0.16873
0.4688
0.77344
0.20943
0.86218
0.35608
0.79012
0.28487
0.15263
0.29469
0.84514
0.26669
0.12356
0.26609
0.80123
0.96471
0.65574
0.99101
0.10677
0.39898
0.18344
0.6517
0.71419
0.17308
0.95634
0.5862
0.62458
0.1762
0.83767
0.69773
0.82715
0.18043
0.55534
0.40807
0.52031
0.72041
0.99633
0.67546
0.24756
0.28694
0.33629
0.88806
0.64168
0.75707
0.15801
0.96811
0.2331
0.33514
0.32083
0.93189
0.41524
0.42758
0.8238
0.64809
0.41408
0.46059
0.14315
0.49135
0.42384
0.6395
0.95641
0.72583
0.82338
0.95792
0.60498
0.99838
0.76262
0.59537
0.45948
0.12463
0.53189
0.90591
0.6693
0.96784
0.72201
0.29555
0.35098
0.18977
0.68565
0.11455
0.12193
0.86717
0.98034
0.64885
0.24305
0.93679
0.57925
0.53172
0.72722
0.85038
0.14955
0.36371
0.28278
0.96509
0.4045
0.61863
0.70555
0.80221
0.5457
0.78521
0.5626
0.51426
0.46232
0.73886
0.90967
0.49223
0.29136
0.8889
0.14499
0.89212
0.87274
0.67685
0.12998
0.89558
0.30592
0.5846
0.75599
0.52088
0.31597
0.83957
0.87443
0.62083
0.42865
0.73825
0.32309
0.38715
0.88357
0.70125
0.74595
0.44439
0.47892
0.36053
0.98549
0.18266
0.36321
0.92441
0.532
0.63276
0.38016
0.51782
0.14169
0.4844
0.64724
0.91314
0.83379
0.20743
0.13761
0.93541
0.99374
0.51521
0.4434
0.60711
0.57891
0.13563
0.3955
0.41709
0.96073
0.93648
0.133
0.6898
0.82128
0.50084
0.8387
0.42104
0.27805
0.31125
0.87407
0.69884
0.38154
0.57125
0.32085
0.94472
0.49966
0.65712
0.80275
0.40917
0.41845
0.10208
0.41951
0.9878
0.75082
0.72316
0.96617
0.48447
0.70924
0.26604
0.77515
0.86217
0.34228
0.15628
0.42406
0.82943
0.94915
0.88192
0.7917
0.79681
0.90139
0.51295
0.1136
0.90451
0.12929
0.7172
0.37154
0.54765
0.92381
0.42122
0.42629
0.72146
0.50165
0.64771
0.52306
0.59386
0.66376
0.57866
0.85318
0.91953
0.52623
0.91275
0.11256
0.6702
0.17206
0.60499
0.96279
0.95496
0.94096
0.4076
0.1402
0.65744
0.22998
0.89218
0.98515
0.52446
0.58795
0.68285
0.28412
0.72531
0.75448
0.24007
0.6336
0.45403
0.14142
0.75216
0.74316
0.28827
0.10017
0.67771
0.29762
0.57826
0.38347
0.23705
0.19175
0.7696
0.278
0.28567
0.60621
0.48571
0.91809
0.88741
0.49828
0.28495
0.19707
0.83737
0.19354
0.45812
0.8721
0.56015
0.7725
0.76089
0.94598
0.88384
0.16607
0.58057
0.61282
0.54713
0.34686
0.31117
0.82366
0.41085
0.80019
0.29923
0.54099
0.66585
0.35889
0.79844
0.51122
0.34998
0.4846
0.83716
0.83686
0.34303
0.66821
0.50193
0.93473
0.71643
0.27624
0.31019
0.22094
0.8136
0.94333
0.87526
0.88403
0.51611
0.37263
0.85163
0.26684
0.20519
0.10129
0.26047
0.8467
0.90766
0.85212
0.1102
0.1436
0.62067
0.23373
0.63018
0.12683
0.77086
0.21897
0.94874
0.18
0.4018
0.44324
0.4617
0.16412
0.93505
0.31102
0.73468
0.76058
0.48041
0.79857
0.71724
0.43178
0.43656
0.58376
0.77574
0.76789
0.65966
0.15
0.4988
0.80144
0.30607
0.68068
0.32662
0.68258
0.92092
0.25346
0.24197
0.54996
0.4604
0.96908
0.11605
0.46667
0.78462
0.63168
0.21868
0.81876
0.35975
0.42006
0.45208
0.37904
0.6698
0.63874
0.98623
0.65356
0.13675
0.70111
0.55383
0.72656
0.89089
0.67786
0.4996
0.60216
0.59426
0.14019
0.65408
0.81672
0.93328
0.65788
0.81004
0.16642
0.69595
0.34501
0.68593
0.50271
0.71533
0.7013
0.82169
0.17446
0.43489
0.13366
0.86526
0.67833
0.12887
0.60877
0.59483
0.81678
0.12957
0.78787
0.73283
0.41648
0.45476
0.80393
0.30184
0.10557
0.14587
0.27776
0.1534
0.53003
0.92756
0.36755
0.50715
0.20214
0.85896
0.81572
0.39422
0.41256
0.2074
0.38937
0.60822
0.92914
0.29185
0.17525
0.71432
0.24592
0.47615
0.72263
0.19556
0.24449
0.7778
0.98062
0.61166
0.12918
0.68695
0.90717
0.96104
0.59211
0.60017
0.20763
0.1098
0.3534
0.88803
0.59018
0.30771
0.68544
0.83348
0.68391
0.73152
0.12151
0.76468
0.7355
0.96319
0.73883
0.86681
0.36478
0.48015
0.54882
0.20778
0.17336
0.20342
0.37888
0.55157
0.22836
0.14875
0.12537
0.71814
0.72219
0.55406
0.9847
0.63212
0.57569
0.42358
0.42086
0.12566
0.79144
0.37727
0.33492
0.16873
0.4688
0.77344
0.20943
0.86218
0.35608
0.79012
0.28487
0.15263
0.29469
0.84514
0.26669
0.12356
0.26609
0.80123
0.96471
0.65574
0.99101
0.10677
0.39898
0.18344
0.6517
0.71419
0.17308
0.95634
0.5862
0.62458
0.1762
0.83767
0.69773
0.82715
0.18043
0.55534
0.40807
0.52031
0.72041
0.99633
0.67546
0.24756
0.28694
0.33629
0.88806
0.64168
0.75707
0.15801
0.96811
0.2331
0.33514
0.32083
0.93189
0.41524
0.42758
0.8238
0.64809
0.41408
0.46059
0.14315
0.49135
0.42384
0.6395
0.95641
0.72583
0.82338
0.95792
0.60498
0.99838
0.76262
0.59537
0.45948
0.12463
0.53189
0.90591
0.6693
0.96784
0.72201
0.29555
0.35098
0.18977
0.68565
0.11455
0.12193
0.86717
0.98034
0.64885
0.24305
0.93679
0.57925
0.53172
0.72722
0.85038
0.14955
0.36371
0.28278
0.96509
0.4045
0.61863
0.70555
0.80221
0.5457
0.78521
0.5626
0.51426
0.46232
0.73886
0.90967
0.49223
0.29136
0.8889
0.14499
0.89212
0.87274
0.67685
0.12998
0.89558
0.30592
0.5846
0.75599
0.52088
0.31597
0.83957
0.87443
0.62083
0.42865
0.73825
0.32309
0.38715
0.88357
0.70125
0.74595
0.44439
0.47892
0.36053
0.98549
0.18266
0.36321
0.92441
0.532
0.63276
0.38016
0.51782
0.14169
0.4844
0.64724
0.91314
0.83379
0.20743
0.13761
0.93541
0.99374
0.51521
0.4434
0.60711
0.57891
0.13563
0.3955
0.41709
0.96073
0.93648
0.133
0.6898
0.82128
0.50084
0.8387
0.42104
0.27805
0.31125
0.87407
0.69884
0.38154
0.57125
0.32085
0.94472
0.49966
0.65712
0.80275
0.40917
0.41845
0.10208
0.41951
0.9878
0.75082
0.72316
0.96617
0.48447
0.70924
0.26604
0.77515
0.86217
0.34228
0.15628
0.42406
0.82943
0.94915
0.88192
0.7917
0.79681
0.90139
0.51295
0.1136
0.90451
0.12929
0.7172
0.37154
0.54765
0.92381
0.42122
0.42629
0.72146
0.50165
0.64771
0.52306
0.59386
0.66376
0.57866
0.85318
0.91953
0.52623
0.91275
0.11256
0.6702
0.17206
0.60499
0.96279
0.95496
0.94096
0.4076
0.1402
0.65744
0.22998
0.89218
0.98515
0.52446
0.58795
0.68285
0.28412
0.72531
0.75448
0.24007
0.6336
0.45403
0.14142
0.75216
0.74316
0.28827
0.10017
0.67771
0.29762
0.57826
0.38347
0.23705
0.19175
0.7696
0.278
0.28567
0.60621
0.48571
0.91809
0.88741
0.49828
0.28495
0.19707
0.83737
0.19354
0.45812
0.8721
0.56015
0.7725
0.76089
0.94598
0.88384
0.16607
0.58057
0.61282
0.54713
0.34686
0.31117
0.82366
0.41085
0.80019
0.29923
0.54099
0.66585
0.35889
0.79844
0.51122
0.34998
0.4846
0.83716
0.83686
0.34303
0.66821
0.50193
0.93473
0.71643
0.27624
0.31019
0.22094
0.8136
0.94333
0.87526
0.88403
0.51611
0.37263
0.85163
0.26684
0.20519
0.10129
0.26047
0.8467
0.90766
0.85212
0.1102
0.1436
0.62067
0.23373
0.63018
0.12683
0.77086
0.21897
0.94874
0.18
0.4018
0.44324
0.4617
0.16412
0.93505
0.31102
0.73468
0.76058
0.48041
0.79857
0.71724
0.43178
0.43656
0.58376
0.77574
0.76789
0.65966
0.15
0.4988
0.80144
0.30607
0.68068
0.32662
0.68258
0.92092
0.25346
0.24197
0.54996
0.4604
0.96908
0.11605
0.46667
0.78462
0.63168
0.21868
0.81876
0.35975
0.42006
0.45208
0.37904
0.6698
0.63874
0.98623
0.65356
0.13675
0.70111
0.55383
0.72656
0.89089
0.67786
0.4996
0.60216
0.59426
0.14019
0.65408
0.81672
0.93328
0.65788
0.81004
0.16642
0.69595
0.34501
0.68593
0.50271
0.71533
0.7013
0.82169
0.17446
0.43489
0.13366
0.86526
0.67833
0.12887
0.60877
0.59483
0.81678
0.12957
0.78787
0.73283
0.41648
0.45476
0.80393
0.30184
0.10557
0.14587
0.27776
0.1534
0.53003
0.92756
0.36755
0.50715
0.20214
0.85896
0.81572
0.39422
0.41256
0.2074
0.38937
0.60822
0.92914
0.29185
0.17525
0.71432
0.24592
0.47615
0.72263
0.19556
0.24449
0.7778
0.98062
0.61166
0.12918
0.68695
0.90717
0.96104
0.59211
0.60017
0.20763
0.1098
0.3534
0.88803
0.59018
0.30771
0.68544
0.83348
0.68391
0.73152
0.12151
0.76468
0.7355
0.96319
0.73883
0.86681
0.36478
0.48015
0.54882
0.20778
0.17336
0.20342
0.37888
0.55157
0.22836
0.14875
0.12537
0.71814
0.72219
0.55406
0.9847
0.63212
0.57569
0.42358
0.42086
0.12566
0.79144
0.37727
0.33492
0.16873
0.4688
0.77344
0.20943
0.86218
0.35608
0.79012
0.28487
0.15263
0.29469
0.84514
0.26669
0.12356
0.26609
0.80123
0.96471
0.65574
0.99101
0.10677
0.39898
0.18344
0.6517
0.71419
0.17308
0.95634
0.5862
0.62458
0.1762
0.83767
0.69773
0.82715
0.18043
0.55534
0.40807
0.52031
0.72041
0.99633
0.67546
0.24756
0.28694
0.33629
0.88806
0.64168
0.75707
0.15801
0.96811
0.2331
0.33514
0.32083
0.93189
0.41524
0.42758
0.8238
0.64809
0.41408
0.46059
0.14315
0.49135
0.42384
0.6395
0.95641
0.72583
0.82338
0.95792
0.60498
0.99838
0.76262
0.59537
0.45948
0.12463
0.53189
0.90591
0.6693
0.96784
0.72201
0.29555
0.35098
0.18977
0.68565
0.11455
0.12193
0.86717
0.98034
0.64885
0.24305
0.93679
0.57925
0.53172
0.72722
0.85038
0.14955
0.36371
0.28278
0.96509
0.4045
0.61863
0.70555
0.80221
0.5457
0.78521
0.5626
0.51426
0.46232
0.73886
0.90967
0.49223
0.29136
0.8889
0.14499
0.89212
0.87274
0.67685
0.12998
0.89558
0.30592
0.5846
0.75599
0.52088
0.31597
0.83957
0.87443
0.62083
0.42865
0.73825
0.32309
0.38715
0.88357
0.70125
0.74595
0.44439
0.47892
0.36053
0.98549
0.18266
0.36321
0.92441
0.532
0.63276
0.38016
0.51782
0.14169
0.4844
0.64724
0.91314
0.83379
0.20743
0.13761
0.93541
0.99374
0.51521
0.4434
0.60711
0.57891
0.13563
0.3955
0.41709
0.96073
0.93648
0.133
0.6898
0.82128
0.50084
0.8387
0.42104
0.27805
0.31125
0.87407
0.69884
0.38154
0.57125
0.32085
0.94472
0.49966
0.65712
0.80275
0.40917
0.41845
0.10208
0.41951
0.9878
0.75082
0.72316
0.96617
0.48447
0.70924
0.26604
0.77515
0.86217
0.34228
0.15628
0.42406
0.82943
0.94915
0.88192
0.7917
0.79681
0.90139
0.51295
0.1136
0.90451
0.12929
0.7172
0.37154
0.54765
0.92381
0.42122
0.42629
0.72146
0.50165
0.64771
0.52306
0.59386
0.66376
0.57866
0.85318
0.91953
0.52623
0.91275
0.11256
0.6702
0.17206
0.60499
0.96279
0.95496
0.94096
0.4076
0.1402
0.65744
0.22998
0.89218
0.98515
0.52446
0.58795
0.68285
0.28412
0.72531
0.75448
0.24007
0.6336
0.45403
0.14142
0.75216
0.74316
0.28827
0.10017
0.67771
0.29762
0.57826
0.38347
0.23705
0.19175
0.7696
0.278
0.28567
0.60621
0.48571
0.91809
0.88741
0.49828
0.28495
0.19707
0.83737
0.19354
0.45812
0.8721
0.56015
0.7725
0.76089
0.94598
0.88384
0.16607
0.58057
0.61282
0.54713
0.34686
0.31117
0.82366
0.41085
0.80019
0.29923
0.54099
0.66585
0.35889
0.79844
0.51122
0.34998
0.4846
0.83716
0.83686
0.34303
0.66821
0.50193
0.93473
0.71643
0.27624
0.31019
0.22094
0.8136
0.94333
0.87526
0.88403
0.51611
0.37263
0.85163
0.26684
0.20519
0.10129
0.26047
0.8467
0.90766
0.85212
0.1102
0.1436
0.62067
0.23373
0.63018
0.12683
0.77086
0.21897
0.94874
0.18
0.4018
0.44324
0.4617
0.16412
0.93505
0.31102
0.73468
0.76058
0.48041
0.79857
0.71724
0.43178
0.43656
0.58376
0.77574
0.76789
0.65966
0.15
0.4988
0.80144
0.30607
0.68068
0.32662
0.68258
0.92092
0.25346
0.24197
0.54996
0.4604
0.96908
0.11605
0.46667
0.78462
0.63168
0.21868
0.81876
0.35975
0.42006
0.45208
0.37904
0.6698
0.63874
0.98623
0.65356
0.13675
0.70111
0.55383
0.72656
0.89089
0.67786
0.4996
0.60216
0.59426
0.14019
0.65408
0.81672
0.93328
0.65788
0.81004
0.16642
0.69595
0.34501
0.68593
0.50271
0.71533
0.7013
0.82169
0.17446
0.43489
0.13366
0.86526
0.67833
0.12887
0.60877
0.59483
0.81678
0.12957
0.78787
0.73283
0.41648
0.45476
0.80393
0.30184
0.10557
0.14587
0.27776
0.1534
0.53003
0.92756
0.36755
0.50715
0.20214
0.85896
0.81572
0.39422
0.41256
0.2074
0.38937
0.60822
0.92914
0.29185
0.17525
0.71432
0.24592
0.47615
0.72263
0.19556
0.24449
0.7778
0.98062
0.61166
0.12918
0.68695
0.90717
0.96104
0.59211
0.60017
0.20763
0.1098
0.3534
0.88803
0.59018
0.30771
0.68544
0.83348
0.68391
0.73152
0.12151
0.76468
0.7355
0.96319
0.73883
0.86681
0.36478
0.48015
0.54882
0.20778
0.17336
0.20342
0.37888
0.55157
0.22836
0.14875
0.12537
0.71814
0.72219
0.55406
0.9847
0.63212
0.57569
0.42358
0.42086
0.12566
0.79144
0.37727
0.33492
0.16873
0.4688
0.77344
0.20943
0.86218
0.35608
0.79012
0.28487
0.15263
0.29469
0.84514
0.26669
0.12356
0.26609
0.80123
0.96471
0.65574
0.99101
0.10677
0.39898
0.18344
0.6517
0.71419
0.17308
0.95634
0.5862
0.62458
0.1762
0.83767
0.69773
0.82715
0.18043
0.55534
0.40807
0.52031
0.72041
0.99633
0.67546
0.24756
0.28694
0.33629
0.88806
0.64168
0.75707
0.15801
0.96811
0.2331
0.33514
0.32083
0.93189
0.41524
0.42758
0.8238
0.64809
0.41408
0.46059
0.14315
0.49135
0.42384
0.6395
0.95641
0.72583
0.82338
0.95792
0.60498
0.99838
0.76262
0.59537
0.45948
0.12463
0.53189
0.90591
0.6693
0.96784
0.72201
0.29555
0.35098
0.18977
0.68565
0.11455
0.12193
0.86717
0.98034
0.64885
0.24305
0.93679
0.57925
0.53172
0.72722
0.85038
0.14955
0.36371
0.28278
0.96509
0.4045
0.61863
0.70555
0.80221
0.5457
0.78521
0.5626
0.51426
0.46232
0.73886
0.90967
0.49223
0.29136
0.8889
0.14499
0.89212
0.87274
0.67685
0.12998
0.89558
0.30592
0.5846
0.75599
0.52088
0.31597
0.83957
0.87443
0.62083
0.42865
0.73825
0.32309
0.38715
0.88357
0.70125
0.74595
0.44439
0.47892
0.36053
0.98549
0.18266
0.36321
0.92441
0.532
0.63276
0.38016
0.51782
0.14169
0.4844
0.64724
0.91314
0.83379
0.20743
0.13761
0.93541
0.99374
0.51521
0.4434
0.60711
0.57891
0.13563
0.3955
0.41709
0.96073
0.93648
0.133
0.6898
0.82128
0.50084
0.8387
0.42104
0.27805
0.31125
0.87407
0.69884
0.38154
0.57125
0.32085
0.94472
0.49966
0.65712
0.80275
0.40917
0.41845
0.10208
0.41951
0.9878
0.75082
0.72316
0.96617
0.48447
0.70924
0.26604
0.77515
0.86217
0.34228
0.15628
0.42406
0.82943
0.94915
0.88192
0.7917
0.79681
0.90139
0.51295
0.1136
0.90451
0.12929
0.7172
0.37154
0.54765
0.92381
0.42122
0.42629
0.72146
0.50165
0.64771
0.52306
0.59386
0.66376
0.57866
0.85318
0.91953
0.52623
0.91275
0.11256
0.6702
0.17206
0.60499
0.96279
0.95496
0.94096
0.4076
0.1402
0.65744
0.22998
0.89218
0.98515
0.52446
0.58795
0.68285
0.28412
0.72531
0.75448
0.24007
0.6336
0.45403
0.14142
0.75216
0.74316
0.28827
0.10017
0.67771
0.29762
0.57826
0.38347
0.23705
0.19175
0.7696
0.278
0.28567
0.60621
0.48571
0.91809
0.88741
0.49828
0.28495
0.19707
0.83737
0.19354
0.45812
0.8721
0.56015
0.7725
0.76089
0.94598
0.88384
0.16607
0.58057
0.61282
0.54713
0.34686
0.31117
0.82366
0.41085
0.80019
0.29923
0.54099
0.66585
0.35889
0.79844
0.51122
0.34998
0.4846
0.83716
0.83686
0.34303
0.66821
0.50193
0.93473
0.71643
0.27624
0.31019
0.22094
0.8136
0.94333
0.87526
0.88403
0.51611
0.37263
0.85163
0.26684
0.20519
0.10129
0.26047
0.8467
0.90766
0.85212
0.1102
0.1436
0.62067
0.23373
0.63018
0.12683
0.77086
0.21897
0.94874
0.18
0.4018
0.44324
0.4617
0.16412
0.93505
0.31102
0.73468
0.76058
0.48041
0.79857
0.71724
0.43178
0.43656
0.58376
0.77574
0.76789
0.65966
0.15
0.4988
0.80144
0.30607
0.68068
0.32662
0.68258
0.92092
0.25346
0.24197
0.54996
0.4604
0.96908
0.11605
0.46667
0.78462
0.63168
0.21868
0.81876
0.35975
0.42006
0.45208
0.37904
0.6698
0.63874
0.98623
0.65356
0.13675
0.70111
0.55383
0.72656
0.89089
0.67786
0.4996
0.60216
0.59426
0.14019
0.65408
0.81672
0.93328
0.65788
0.81004
0.16642
0.69595
0.34501
0.68593
0.50271
0.71533
0.7013
0.82169
0.17446
0.43489
0.13366
0.86526
0.67833
0.12887
0.60877
0.59483
0.81678
0.12957
0.78787
0.73283
0.41648
0.45476
0.80393
0.30184
0.10557
0.14587
0.27776
0.1534
0.53003
0.92756
0.36755
0.50715
0.20214
0.85896
0.81572
0.39422
0.41256
0.2074
0.38937
0.60822
0.92914
0.29185
0.17525
0.71432
0.24592
0.47615
0.72263
0.19556
0.24449
0.7778
0.98062
0.61166
0.12918
0.68695
0.90717
0.96104
0.59211
0.60017
0.20763
0.1098
0.3534
0.88803
0.59018
0.30771
0.68544
0.83348
0.68391
0.73152
0.12151
0.76468
0.7355
0.96319
0.73883
0.86681
0.36478
0.48015
0.54882
0.20778
0.17336
0.20342
0.37888
0.55157
0.22836
0.14875
0.12537
0.71814
0.72219
0.55406
0.9847
0.63212
0.57569
0.42358
0.42086
0.12566
0.79144
0.37727
0.33492
0.16873
0.4688
0.77344
0.20943
0.86218
0.35608
0.79012
0.28487
0.15263
0.29469
0.84514
0.26669
0.12356
0.26609
0.80123
0.96471
0.65574
0.99101
0.10677
0.39898
0.18344
0.6517
0.71419
0.17308
0.95634
0.5862
0.62458
0.1762
0.83767
0.69773
0.82715
0.18043
0.55534
0.40807
0.52031
0.72041
0.99633
0.67546
0.24756
0.28694
0.33629
0.88806
0.64168
0.75707
0.15801
0.96811
0.2331
0.33514
0.32083
0.93189
0.41524
0.42758
0.8238
0.64809
0.41408
0.46059
0.14315
0.49135
0.42384
0.6395
0.95641
0.72583
0.82338
0.95792
0.60498
0.99838
0.76262
0.59537
0.45948
0.12463
0.53189
0.90591
0.6693
0.96784
0.72201
0.29555
0.35098
0.18977
0.68565
0.11455
0.12193
0.86717
0.98034
0.64885
0.24305
0.93679
0.57925
0.53172
0.72722
0.85038
0.14955
0.36371
0.28278
0.96509
0.4045
0.61863
0.70555
0.80221
0.5457
0.78521
0.5626
0.51426
0.46232
0.73886
0.90967
0.49223
0.29136
0.8889
0.14499
0.89212
0.87274
0.67685
0.12998
0.89558
0.30592
0.5846
0.75599
0.52088
0.31597
0.83957
0.87443
0.62083
0.42865
0.73825
0.32309
0.38715
0.88357
0.70125
0.74595
0.44439
0.47892
0.36053
0.98549
0.18266
0.36321
0.92441
0.532
0.63276
0.38016
0.51782
0.14169
0.4844
0.64724
0.91314
0.83379
0.20743
0.13761
0.93541
0.99374
0.51521
0.4434
0.60711
0.57891
0.13563
0.3955
0.41709
0.96073
0.93648
0.133
0.6898
0.82128
0.50084
0.8387
0.42104
0.27805
0.31125
0.87407
0.69884
0.38154
0.57125
0.32085
0.94472
0.49966
0.65712
0.80275
0.40917
0.41845
0.10208
0.41951
0.9878
0.75082
0.72316
0.96617
0.48447
0.70924
0.26604
0.77515
0.86217
0.34228
0.15628
0.42406
0.82943
0.94915
0.88192
0.7917
0.79681
0.90139
0.51295
0.1136
0.90451
0.12929
0.7172
0.37154
0.54765
0.92381
0.42122
0.42629
0.72146
0.50165
0.64771
0.52306
0.59386
0.66376
0.57866
0.85318
0.91953
0.52623
0.91275
0.11256
0.6702
0.17206
0.60499
0.96279
0.95496
0.94096
0.4076
0.1402
0.65744
0.22998
0.89218
0.98515
0.52446
0.58795
0.68285
0.28412
0.72531
0.75448
0.24007
0.6336
0.45403
0.14142
0.75216
0.74316
0.28827
0.10017
0.67771
0.29762
0.57826
0.38347
0.23705
0.19175
0.7696
0.278
0.28567
0.60621
0.48571
0.91809
0.88741
0.49828
0.28495
0.19707
0.83737
0.19354
0.45812
0.8721
0.56015
0.7725
0.76089
0.94598
0.88384
0.16607
0.58057
0.61282
0.54713
0.34686
0.31117
0.82366
0.41085
0.80019
0.29923
0.54099
0.66585
0.35889
0.79844
0.51122
0.34998
0.4846
0.83716
0.83686
0.34303
0.66821
0.50193
0.93473
0.71643
0.27624
0.31019
0.22094
0.8136
0.94333
0.87526
0.88403
0.51611
0.37263
0.85163
0.26684
0.20519
0.10129
0.26047
0.8467
0.90766
0.85212
0.1102
0.1436
0.62067
0.23373
0.63018
0.12683
0.77086
0.21897
0.94874
0.18
0.4018
0.44324
0.4617
0.16412
0.93505
0.31102
0.73468
0.76058
0.48041
0.79857
0.71724
0.43178
0.43656
0.58376
0.77574
0.76789
0.65966
0.15
0.4988
0.80144
0.30607
0.68068
0.32662
0.68258
0.92092
0.25346
0.24197
0.54996
0.4604
0.96908
0.11605
0.46667
0.78462
0.63168
0.21868
0.81876
0.35975
0.42006
0.45208
0.37904
0.6698
0.63874
0.98623
0.65356
0.13675
0.70111
0.55383
0.72656
0.89089
0.67786
0.4996
0.60216
0.59426
0.14019
0.65408
0.81672
0.93328
0.65788
0.81004
0.16642
0.69595
0.34501
0.68593
0.50271
0.71533
0.7013
0.82169
0.17446
0.43489
0.13366
0.86526
0.67833
0.12887
0.60877
0.59483
0.81678
0.12957
0.78787
0.73283
0.41648
0.45476
0.80393
0.30184
0.10557
0.14587
0.27776
0.1534
0.53003
0.92756
0.36755
0.50715
0.20214
0.85896
0.81572
0.39422
0.41256
0.2074
0.38937
0.60822
0.92914
0.29185
0.17525
0.71432
0.24592
0.47615
0.72263
0.19556
0.24449
0.7778
0.98062
0.61166
0.12918
0.68695
0.90717
0.96104
0.59211
0.60017
0.20763
0.1098
0.3534
0.88803
0.59018
0.30771
0.68544
0.83348
0.68391
0.73152
0.12151
0.76468
0.7355
0.96319
0.73883
0.86681
0.36478
0.48015
0.54882
0.20778
0.17336
0.20342
0.37888
0.55157
0.22836
0.14875
0.12537
0.71814
0.72219
0.55406
0.9847
0.63212
0.57569
0.42358
0.42086
0.12566
0.79144
0.37727
0.33492
0.16873
0.4688
0.77344
0.20943
0.86218
0.35608
0.79012
0.28487
0.15263
0.29469
0.84514
0.26669
0.12356
0.26609
0.80123
0.96471
0.65574
0.99101
0.10677
0.39898
0.18344
0.6517
0.71419
0.17308
0.95634
0.5862
0.62458
0.1762
0.83767
0.69773
0.82715
0.18043
0.55534
0.40807
0.52031
0.72041
0.99633
0.67546
0.24756
0.28694
0.33629
0.88806
0.64168
0.75707
0.15801
0.96811
0.2331
0.33514
0.32083
0.93189
0.41524
0.42758
0.8238
0.64809
0.41408
0.46059
0.14315
0.49135
0.42384
0.6395
0.95641
0.72583
0.82338
0.95792
0.60498
0.99838
0.76262
0.59537
0.45948
0.12463
0.53189
0.90591
0.6693
0.96784
0.72201
0.29555
0.35098
0.18977
0.68565
0.11455
0.12193
0.86717
0.98034
0.64885
0.24305
0.93679
0.57925
0.53172
0.72722
0.85038
0.14955
0.36371
0.28278
0.96509
0.4045
0.61863
0.70555
0.80221
0.5457
0.78521
0.5626
0.51426
0.46232
0.73886
0.90967
0.49223
0.29136
0.8889
0.14499
0.89212
0.87274
0.67685
0.12998
0.89558
0.30592
0.5846
0.75599
0.52088
0.31597
0.83957
0.87443
0.62083
0.42865
0.73825
0.32309
0.38715
0.88357
0.70125
0.74595
0.44439
0.47892
0.36053
0.98549
0.18266
0.36321
0.92441
0.532
0.63276
0.38016
0.51782
0.14169
0.4844
0.64724
0.91314
0.83379
0.20743
0.13761
0.93541
0.99374
0.51521
0.4434
0.60711
0.57891
0.13563
0.3955
0.41709
0.96073
0.93648
0.133
0.6898
0.82128
0.50084
0.8387
0.42104
0.27805
0.31125
0.87407
0.69884
0.38154
0.57125
0.32085
0.94472
0.49966
0.65712
0.80275
0.40917
0.41845
0.10208
0.41951
0.9878
0.75082
0.72316
0.96617
0.48447
0.70924
0.26604
0.77515
0.86217
0.34228
0.15628
0.42406
0.82943
0.94915
0.88192
0.7917
0.79681
0.90139
0.51295
0.1136
0.90451
0.12929
0.7172
0.37154
0.54765
0.92381
0.42122
0.42629
0.72146
0.50165
0.64771
0.52306
0.59386
0.66376
0.57866
0.85318
0.91953
0.52623
0.91275
0.11256
0.6702
0.17206
0.60499
0.96279
0.95496
0.94096
0.4076
0.1402
0.65744
0.22998
0.89218
0.98515
0.52446
0.58795
0.68285
0.28412
0.72531
0.75448
0.24007
0.6336
0.45403
0.14142
0.75216
0.74316
0.28827
0.10017
0.67771
0.29762
0.57826
0.38347
0.23705
0.19175
0.7696
0.278
0.28567
0.60621
0.48571
0.91809
0.88741
0.49828
0.28495
0.19707
0.83737
0.19354
0.45812
0.8721
0.56015
0.7725
0.76089
0.94598
0.88384
0.16607
0.58057
0.61282
0.54713
0.34686
0.31117
0.82366
0.41085
0.80019
0.29923
0.54099
0.66585
0.35889
0.79844
0.51122
0.34998
0.4846
0.83716
0.83686
0.34303
0.66821
0.50193
0.93473
0.71643
0.27624
0.31019
0.22094
0.8136
0.94333
0.87526
0.88403
0.51611
0.37263
0.85163
0.26684
0.20519
0.10129
0.26047
0.8467
0.90766
0.85212
0.1102
0.1436
0.62067
0.23373
0.63018
0.12683
0.77086
0.21897
0.94874
0.18
0.4018
0.44324
0.4617
0.16412
0.93505
0.31102
0.73468
0.76058
0.48041
0.79857
0.71724
0.43178
0.43656
0.58376
0.77574
0.76789
0.65966
0.15
0.4988
0.80144
0.30607
0.68068
0.32662
0.68258
0.92092
0.25346
0.24197
0.54996
0.4604
0.96908
0.11605
0.46667
0.78462
0.63168
0.21868
0.81876
0.35975
0.42006
0.45208
0.37904
0.6698
0.63874
0.98623
0.65356
0.13675
0.70111
0.55383
0.72656
0.89089
0.67786
0.4996
0.60216
0.59426
0.14019
0.65408
0.81672
0.93328
0.65788
0.81004
0.16642
0.69595
0.34501
0.68593
0.50271
0.71533
0.7013
0.82169
0.17446
0.43489
0.13366
0.86526
0.67833
0.12887
0.60877
0.59483
0.81678
0.12957
0.78787
0.73283
0.41648
0.45476
0.80393
0.30184
0.10557
0.14587
0.27776
0.1534
0.53003
0.92756
0.36755
0.50715
0.20214
0.85896
0.81572
0.39422
0.41256
0.2074
0.38937
0.60822
0.92914
0.29185
0.17525
0.71432
0.24592
0.47615
0.72263
0.19556
0.24449
0.7778
0.98062
0.61166
0.12918
0.68695
0.90717
0.96104
0.59211
0.60017
0.20763
0.1098
0.3534
0.88803
0.59018
0.30771
0.68544
0.83348
0.68391
0.73152
0.12151
0.76468
0.7355
0.96319
0.73883
0.86681
0.36478
0.48015
0.54882
0.20778
0.17336
0.20342
0.37888
0.55157
0.22836
0.14875
0.12537
0.71814
0.72219
0.55406
